HCA6002236,5.467240879812752,3.765742882249735,2.04039352259083
HCA6010538,5.579653696830714,4.208294301676927,2.927627032039459
HCA6018857,5.474408923193145,3.964189560347328,2.8307018019836314
HCA6030645,5.419361496834029,3.910951290775357,2.483406599857619
HCA6047359,5.605821542219514,4.26120631770899,3.286377416573964
HCA6051047,5.496173356883558,3.551425262261588,2.4934003970850585
HCA6053758,5.401373506201797,4.231567650933132,2.863533547044633
HCA6054457,5.488859718158855,3.765844124148877,2.3408702816174416
HCA6058970,5.60338053121002,3.990118604702562,3.314790112016893
HCA6061757,5.523634794438428,4.015991853813723,2.726780188063385
HCA6062456,5.531130052200322,4.1091824198596285,3.362506402510311
HCA6075263,5.532977607633258,3.927933141582836,2.5631350003805062
HCA6086369,5.52843990584344,3.966779735191986,3.174311362497949
HCA6086470,5.492362937186437,4.00825697854699,3.1009801657843177
HCA6086975,5.662498777874568,3.952195830156188,3.030349186414873
HCA6089375,5.552192331333076,3.9174830829172542,2.776691703401094
HCA6091766,5.486391473222173,3.737567928774275,2.569459738990568
HCA6095572,5.519499895047292,3.738368319001852,3.0482593877198068
HCA6098073,5.637372281670226,4.484099752217424,3.075219189833739
HCA6102038,5.373744064109686,4.286633663654549,2.767477251570562
HCA6108050,5.530934228078894,3.935605011126249,3.4945720431374103
HCA6108151,5.505502544116389,3.9930757959921968,2.897909504418745
HCA6109658,5.503961312502314,3.785926164803312,3.3546837090824204
HCA6110138,5.323206568724452,3.757573951649301,2.4910001964976227
HCA6111241,5.5887355552078,4.056859229711088,3.5624000853331674
HCA6117051,5.520405285312356,4.157747195417899,3.4710713824734145
HCA6119257,5.4433828833281135,4.145037994909539,2.705174345611185
HCA6120646,5.35801389067906,3.711775512108696,2.992975570690851
HCA6125050,5.352693453624217,4.2022642905505885,3.216147124993545
HCA6130548,5.457154966519063,4.16932485500944,2.325870809766731
HCA6131449,5.580519639265859,4.070690447162755,3.4371269169136838
HCA6139970,5.439378915538512,4.179906930842629,3.051687285404568
HCA6143557,5.433765529389016,3.686137172636824,2.6958412897756774
HCA6144357,5.689553064882909,4.366858265401451,4.721422354996013
HCA6144862,5.47469661335066,3.870325100572598,2.215882695598592
HCA6162662,5.510777515552898,4.403231981918409,3.3769663632175506
HCA6165971,5.474661092596234,3.711037829392847,2.447526324126546
HCA6166973,5.553419685421352,3.980385027916698,2.9442927911774013
HCA6176471,5.389076410800951,3.7989019536069706,2.0069374066138224
HCA6183064,5.455915164330524,3.732538055518104,1.2400957011728193
HCA6197580,5.48936252879,3.951383045734192,2.657202977638613
HCA6198582,5.29918952154608,3.613803240053967,1.9531597915071237
HCA6214958,5.321289205114127,3.5528328259616777,1.5025025045582507
HCA6223050,5.393813791299147,3.284370032149201,2.0509752931338494
HCA6234964,5.4357230941820704,4.071900783147656,3.021662627608337
HCA6242054,5.49426010238105,3.896825561673219,2.994581953851603
HCA6249977,5.447642352666003,3.738040342393142,2.9232569273574587
HCA6253867,5.4563441965534425,4.032967110610271,2.769016644596028
HCA6269377,5.233485972569632,3.8041615756046654,2.727145509853109
HCA6276475,5.39716874777358,4.239306588088193,3.444597080454686
HCA6280668,5.426790641627529,3.896618779690075,2.6212151701613124
HCA6283371,5.5196909217816685,3.461699912397392,1.9758861784575128
HCA6285274,5.482727114729309,3.2814235922546158,2.855383220596596
HCA6287177,5.564034283170775,3.925664426695677,3.329541883392093
HCA6290368,5.41352451883649,4.390376011173028,2.575904614285858
HCA6291976,5.534426398610641,4.537821844736024,3.4916458452532217
HCA6295782,5.329536590201345,4.324595148846146,2.4943599334086093
HCA6301751,5.429281116324518,4.099457691513339,3.315590248794582
HCA6302349,5.52605702215995,4.340995979195363,3.018256616211628
HCA6307056,5.361250776940761,3.9676250649035816,2.557470963972868
HCA6312352,5.36409899641686,3.870801276971947,2.6408070645592394
HCA6317665,5.607898159616387,4.006461195434265,2.741966040307797
HCA6318465,5.467258345383699,3.6503209656821793,2.162473852594826
HCA6320048,5.526915316512416,4.151747767247596,3.0377968132292508
HCA6326767,5.497132759362258,4.251728025915127,3.35812728096243
HCA6333158,5.388953085022322,3.822404873108886,2.4323234250862544
HCA6337974,5.4484508410778405,4.168315052657453,3.1405305336306037
HCA6363167,5.519982151852957,3.804340196994263,2.7899802077257365
HCA6372875,5.5389399397408585,4.02835064621196,3.231693230299396
HCA6374576,5.48895453319162,4.140209004849095,3.0158502557779263
HCA6375275,5.420941345848982,4.045210059081932,2.3863087032070704
HCA6388082,5.554533308552232,3.877641042102604,3.304947170337825
HCA6400450,5.515578498831764,4.075178798628055,2.841847870820891
HCA6405157,5.4505556769083965,3.535160525555145,1.4175989914712923
HCA6409165,5.522555826682711,4.610851050526187,3.736600607491968
HCA6421963,5.309175425112474,3.2302625934926974,2.156587834902973
HCA6427066,5.566266470194204,3.9491588605056775,3.2466900644007075
HCA6429272,5.471149292676904,4.149919609434558,2.704103128450177
HCA6436774,5.417340883669419,4.062582620733646,2.2671983648610525
HCA6439780,5.410702379676863,3.568845918224223,2.5261982093048525
HCA6451366,5.418133941795857,4.081785349769131,2.7268069636688645
HCA6459584,5.402148868732001,3.745482305604157,2.790978420266202
HCA6461066,5.623314897172819,3.940581851066537,3.509529587308959
HCA6464678,5.4467094716304745,3.32933232126876,2.32398694594668
HCA6465175,5.476791709022279,4.512702345952359,3.643930807759342
HCA6467179,5.2761180700919,4.1702876830623286,2.2828195958026405
HCA6470673,5.516931093299998,3.322562660310143,3.2801127229308302
HCA6471675,5.446655133055668,4.171080032214212,2.8899079451551963
HCA6474782,5.353690896190822,3.6725178455805327,1.971557518058832
HCA6475986,5.534010508936096,3.7384725848298825,2.826027389048046
HCA6476584,5.545014148995693,4.327694203032989,3.264835411296932
HCA6498190,5.585840278975629,3.8282785635705614,2.847285451278173
HCA6515366,5.515375736285297,3.5795555214085137,3.12989129424188
HCA6521664,5.521723477284046,3.295348194590905,2.235069929053397
HCA6529680,5.554702004465244,4.165585708419116,2.859015355984225
HCA6531667,5.43490048488774,4.292811838412465,2.387826619383494
HCA6532972,5.484356424465982,3.64333613128332,2.298719214685284
HCA6539885,5.408251911677933,3.745173397112664,2.7438740136607502
HCA6542470,5.440134912213906,3.667573501344385,2.398301278809851
HCA6552069,5.370903812206263,4.0476143450215885,2.5251240522280947
HCA6559184,5.235771793682597,3.2384471107756387,0.6891333894816377
HCA6559487,5.5234180593892654,3.344886498223765,2.15298037837543
HCA6562577,5.460529470622127,4.036343907772023,2.602960447808062
HCA6566888,5.610270651586999,3.916472703087891,3.106359597286964
HCA6570677,5.434272682682029,3.9121131769750175,2.493475734867866
HCA6574685,5.499394513033164,3.6155352278374657,2.7689401838642382
HCA6576487,5.438010204236284,3.6018672979690645,2.825829108159804
HCA6576689,5.480030498129023,4.024420410167531,3.0965549282901006
HCA6582684,5.470242298442462,3.753777548408892,2.116865278620929
HCA6583484,5.558362171834016,4.076169197655645,3.1864690124911146
HCA6585084,5.2875684959286655,4.040019201425226,2.922286464547032
HCA6589294,5.421801185466097,4.480015780807375,3.733028250652529
HCA6595188,5.35795136868528,3.838393320430389,2.418236115099639
HCA6595794,5.397078620503701,3.188243832651413,2.09348096939519
HCA6597293,5.5056533215617725,4.349886074697358,3.3079658209976803
HCA6599803,5.492704279965583,4.197007450425765,3.2966876716015894
HCA6604264,5.394642322832379,4.101100283233083,2.7000484703991825
HCA6605569,5.512438822812174,2.9583602080964804,2.197487790694715
HCA6606571,5.369949584418322,3.914619202580917,2.2936545081645505
HCA6618679,5.460615150684237,4.110018831229952,2.8112719737234007
HCA6623874,5.5660185917032985,3.5443425220570206,2.860651621872
HCA6626779,5.273330182864581,3.435476896405337,2.0560977649626704
HCA6627377,5.423448405911209,4.370328893911072,3.1103148810736587
HCA6631671,5.578545371567735,3.818008476503621,2.29883527668637
HCA6633069,5.422651855786908,3.9851729626481305,2.114721497400337
HCA6635679,5.53010043890746,4.022635407612156,2.9170142518810644
HCA6640672,5.607171666312816,4.009248258627289,2.4003438837548696
HCA6645985,5.366213755317849,3.779533592789463,2.661625345406371
HCA6649993,5.550222768352604,4.377899976478126,3.3752040147321694
HCA6653277,5.512055582085544,3.1372390925133664,2.500391153877992
HCA6658994,5.402631761604217,3.9015466581576455,2.9103204497877937
HCA6660880,5.474530762173892,3.872988346290212,2.657669064409545
HCA6668391,5.451942241455461,3.7934270686078193,3.170664891343301
HCA6670479,5.413957541394963,3.966837622791421,3.0066449956997823
HCA6671178,5.532263035778775,3.9081343860096,2.708910163351204
HCA6671380,5.623136487339468,3.8139802253445194,2.7921857110992456
HCA6674588,5.583521691468414,3.4573923836805665,2.617147533036507
HCA6678495,5.349729734648271,3.8685042621377335,2.368663771137381
HCA6680987,5.415674278508868,3.5416408818388483,2.685187226515488
HCA6682688,5.478778820741221,4.001578592417476,2.518474089132611
HCA6685492,5.514944683786062,4.051691089473083,3.1400972852266587
HCA6686191,5.429207227832315,3.817557840133879,2.409019210269244
HCA6691992,5.60417973303833,3.684681138366747,3.1623902396264265
HCA6700664,5.497690548779472,3.9539681417123655,2.746927125663256
HCA6706373,5.444157479496349,4.303873322427975,2.972965005011407
HCA6725377,5.499514555055822,4.330332528590023,3.037642734275298
HCA6731574,5.557140641643515,4.284035417152653,3.691493477022036
HCA6732374,5.382322267438162,4.094472430297067,2.8186720976170774
HCA6741173,5.456331341579388,4.053807416412068,3.1775276628032687
HCA6742377,5.3345646062056975,3.5246906477898405,2.306078203451505
HCA6746284,5.375582502552649,4.171031903334388,2.7398509650846696
HCA6749088,5.272220713377115,3.896525508650468,2.3762431684079406
HCA6750477,5.422688867529088,4.469304431257174,3.3915765797914466
HCA6752784,5.501231161350577,4.181425222356671,3.0616614465883343
HCA6753079,5.482775571061503,4.092360216646248,2.439954167919642
HCA6756287,5.483991686087544,4.1872101256995125,2.908491188833339
HCA6757390,5.427523709464721,3.994172953099596,2.8316241877449917
HCA6763486,5.471495027774281,3.922976137387239,2.8500918436952847
HCA6766290,5.331965453123744,3.842735235662796,2.452655658998357
HCA6771081,5.544616835168123,4.120971437261971,3.06566040178591
HCA6773691,5.387226222602403,4.238565227196527,2.66318673721537
HCA6776798,5.418194961977961,3.852235731335621,2.003266400484755
HCA6780082,5.453970262344392,3.7924399236840194,2.3706118809860586
HCA6785193,5.525188311302101,4.054523363177419,2.319355523149589
HCA6787399,4.914538918728577,3.348092731904214,1.3994258304841602
HCA6788199,5.408761584234118,3.905042089035384,2.3151471102122736
HCA6791794,5.468417133790877,4.196764225900892,2.439651174214565
HCA6792190,5.480417446822813,4.095821614997961,2.81019025611034
HCA6818889,5.450524216882325,4.149272375093808,2.9505127610738824
HCA6819689,5.449181729849411,4.075904759202231,2.512568547570413
HCA6820674,5.516941135475005,4.422818454493879,3.494239077623108
HCA6848090,5.419131195912117,4.176500808196155,2.4500720226200867
HCA6854590,5.6091932284487465,4.0651276596037205,3.184316370559164
HCA6867296,5.336308066510272,4.243015942196787,2.522209248458564
HCA6875801,5.249467030616781,3.5810151048036607,2.0224959255354693
HCA6876095,5.478573605219202,4.055647598510099,2.795634724914448
HCA6877300,5.395554282260186,3.5081333211922487,2.20530411102225
HCA6879607,5.386265159993621,3.5192266187169143,1.74853223700806
HCA6880490,5.535391208732897,3.852267695216329,3.05494281918085
HCA6896607,5.498241529257457,3.41630543122284,2.79722167027528
HCA6909084,5.36432679190542,4.121657159534895,2.848981199426373
HCA6909286,5.415286867741571,4.125389175005795,2.873131500801558
HCA6910372,5.511377310155784,3.9844830078382096,2.8134408459018645
HCA6924080,5.37493263832823,4.222960867917653,3.0824049611877204
HCA6937998,5.436912742928028,4.206729056371722,2.94595463370081
HCA6943690,5.406281769354076,3.812476988628706,2.935783465688212
HCA6946191,5.591968555583433,3.5960222564163105,3.0177394503520323
HCA6947294,5.440478595279444,4.088739814277353,2.929672161086436
HCA6950586,5.490372320557344,3.555468315379253,1.928611915264044
HCA6951487,5.4960375853564125,4.180075681105109,3.190537111524572
HCA6954998,5.505658686670629,4.278466274597504,3.214855409493635
HCA6963696,5.530363196763399,3.5841989573462136,2.282915767859639
HCA6967199,5.408318868588187,3.7839176162080848,2.905495630668235
HCA6972899,5.278174519230524,3.5892811463957983,2.746456927503483
HCA6987206,5.377026876044376,3.967801588075436,2.415963459412928
HCA6989715,5.437756429481711,3.469973770009896,2.653036152153252
HCA7000843,5.4825067359013255,3.916301968256071,2.457227042384392
HCA7011040,5.538979887034871,4.18362205317329,3.428627341516914
HCA7017759,5.238568297581628,3.526688347868996,1.4733911613382222
HCA7017961,5.452970568369562,3.7239910525673134,2.53155286881393
HCA7024655,5.625515957442504,3.75902446217048,3.1844909956711667
HCA7025253,5.493830337868051,4.031423745331913,2.8304312156382827
HCA7027863,5.476498908101413,3.8016024569128497,2.2848840672929254
HCA7030549,5.4636307161764055,3.9762162481138086,2.3880170953230344
HCA7046968,5.533244607986116,4.373677011203989,3.4710937762745218
HCA7050151,5.492123189326938,4.249793678006674,3.397343683881469
HCA7056264,5.336876373793196,3.776085201047465,2.3912148540824782
HCA7066873,5.398314742534434,4.112368532695799,2.6951714828669027
HCA7075369,5.43581362729954,3.933875265663861,3.1545134318732444
HCA7078981,5.483497625011161,3.2226156109338544,1.94879609703771
HCA7079074,5.395008022114912,4.410175023086299,3.1320075009519357
HCA7083065,5.265756563414636,3.9760108804027774,2.200530725318588
HCA7091771,5.456511220978869,3.5997226527099127,2.52961584189227
HCA7098684,5.366974674817113,4.186648163276911,3.0559165987905117
HCA7101546,5.460067291548335,4.379052771237993,3.2761131853939744
HCA7103651,5.519877467150387,4.20187571272116,2.5944833438020893
HCA7108358,5.529945434718062,3.981810852398072,2.196788438981949
HCA7111650,5.572072696770677,3.932792374147666,2.940590471296249
HCA7119969,5.513573969912661,4.1093941363154425,3.123018056463541
HCA7124659,5.508794406449678,4.0317315002024925,2.730113109357156
HCA7126663,5.430476997030689,3.534473398273301,2.0662681096395654
HCA7130957,5.498042112128118,3.8553888061183454,2.6709096246401494
HCA7131454,5.457293784151863,4.074789883002945,3.1037979963615348
HCA7133054,5.385564735817814,3.3366977383105163,1.075262059795366
HCA7134056,5.450589519077831,2.9887997075571,2.1992992133542413
HCA7137567,5.531752545738992,4.401706766025088,3.4779161049017118
HCA7155973,5.504489606785636,3.668478165284273,2.979992972915069
HCA7164267,5.28400490010892,4.003812793200226,2.4168723736861275
HCA7175272,5.432265713002656,4.155748284406786,2.5094683873818435
HCA7181873,5.511310457392618,4.279459155871992,3.241878133600924
HCA7182067,5.481138829517096,3.809269385332765,2.5670570486411317
HCA7184576,5.530976781334979,3.891551076340468,2.206529880080013
HCA7186883,5.378471849783118,4.051804769719193,3.0185795560776363
HCA7192777,5.547935067904099,4.451144293904754,3.653000297547367
HCA7195884,5.402511527425923,4.219925749100258,2.3176224316530534
HCA7216462,5.48832246783336,4.033976961432577,3.0877751896727315
HCA7222154,5.522016447130882,4.45491090204622,3.3146794442673126
HCA7222457,5.539224533304382,4.192000852865794,3.722279503163599
HCA7222558,5.437987406757245,4.024477739619178,2.559747956557591
HCA7226566,5.472773547220236,3.784898519896829,2.07279387983802
HCA7243263,5.385833844931429,3.674031428747395,2.259333904153047
HCA7245267,5.276760309448115,3.6551986799072655,1.740968024822957
HCA7247574,5.450710103132136,3.848032043765798,2.742086987353208
HCA7251969,5.468082598530067,4.145300510473689,2.3961838715479318
HCA7253064,5.432911157880322,4.201747252664907,2.874409062965151
HCA7256070,5.362001074609916,3.830676819982026,2.682305225423352
HCA7256575,5.486440481406002,3.947445039399683,2.412313224915789
HCA7257173,5.391144711720547,3.932198550894447,3.0152348457453533
HCA7257678,5.497517905483936,3.9198368351446007,2.160053749003348
HCA7259480,5.551230673513111,3.645856497375167,3.1546546274366056
HCA7260869,5.438118221307022,3.831075826134709,2.5762959760264708
HCA7264069,5.369293034604823,3.500115344610513,1.8051107108071416
HCA7264574,5.425692539586228,3.872676625165933,2.3829605697296685
HCA7268178,5.523121915656473,3.700516556021893,3.133432752812644
HCA7271369,5.422798939512452,3.651761350358717,2.512711827199454
HCA7281271,5.431830370026201,3.4770270537591657,2.387335595276974
HCA7291981,5.311722480183594,3.676351294767591,2.5746938696022315
HCA7296183,5.525922901206595,4.48321055139333,3.0842721068647623
HCA7301251,5.5241475124336175,3.873652278474184,2.768003221676232
HCA7307768,5.584212740209744,4.288391711396154,3.118185622581149
HCA7317367,5.507820840089716,4.700433493470159,3.5618438205354703
HCA7319472,5.3600646387682405,3.980625491894958,2.834512520169973
HCA7326166,5.344841907097656,4.021147520979063,2.5549896819211853
HCA7329374,5.523382319244568,3.4991376130553578,3.341409630818329
HCA7348277,5.446147319663894,4.181365480433697,2.4432566350680736
HCA7351165,5.522984970074393,4.215406542242534,3.045299960593561
HCA7355173,5.588645158489224,4.097299683970975,3.234379264942236
HCA7372476,5.663293877490276,4.252299167630403,4.057298192537786
HCA7376686,5.512320858665481,4.35385914097964,3.3373369616492026
HCA7378993,5.29739254586729,3.381700870165339,2.077288968632138
HCA7385889,5.550466739658653,4.340038309008401,3.02208275111423
HCA7388794,5.479368279781477,4.147433675004884,2.744323815881036
HCA7397391,5.386993892372273,4.122816779333868,2.111576164054926
HCA7406265,5.373576298022538,4.041994100837719,2.146622708515612
HCA7410559,5.495048184396206,4.067652290420433,2.049474683284777
HCA7415973,5.471530714639167,3.9059157122633255,3.336481355100706
HCA7434775,5.2177319537554165,3.924383940658077,2.5620661400752742
HCA7438480,5.623343835164199,3.641030458297702,2.500130273300368
HCA7440164,5.399351727432519,4.247554392215773,3.041851872947272
HCA7447784,5.442125560130748,3.751649000479592,2.3744522394246386
HCA7452272,5.482788035908082,4.11261714821044,3.032088233776581
HCA7452575,5.552062343812743,3.5534859080739447,2.3709199562457077
HCA7453375,5.440976201505143,3.892665019689825,2.26772081286178
HCA7453981,5.433818799523553,4.19408830303726,3.0523231577119625
HCA7467588,5.329173491509192,3.354736390418393,1.5574950758360373
HCA7468388,5.502828553941998,4.009113875378395,3.093091693677875
HCA7483182,5.256426309749204,3.724881547299363,1.927450212085851
HCA7489497,5.495779748448468,4.215587645179722,3.096037313532603
HCA7492486,5.428068399182759,4.05130223928964,3.1071080850407284
HCA7492688,5.503334840700762,4.194758193138248,2.974447649040722
HCA7492991,5.500545610474322,4.073253468802818,3.029606060627096
HCA7495593,5.398976171749879,3.909859321443538,2.779937054369238
HCA7497395,5.487885359793011,3.952874758206575,2.661586990534556
HCA7502059,5.5473256293285695,3.992615860259829,3.1330100742827804
HCA7510058,5.554848966255403,3.763666072065485,3.0333140940512555
HCA7512769,5.571145071733296,4.444179839454397,3.047707188281354
HCA7521366,5.16646627182917,3.1663112870521744,1.4656317275419042
HCA7530670,5.420709147767317,4.4153571720752,3.206343877046505
HCA7536884,5.618281584977521,3.5498331174717763,2.9918835331573064
HCA7541675,5.319577807024511,4.078046394210506,1.7218044669796104
HCA7543578,5.404004034195255,4.054903187617567,2.663627504527857
HCA7544883,5.562350697427894,4.223464805861311,3.222533303511518
HCA7552478,5.427920432316394,4.041791003388719,2.858262087789321
HCA7553177,5.428556677927264,3.895225767905204,2.6420406006265056
HCA7567693,5.529216714185231,3.994457679958615,2.594454527872712
HCA7577595,5.57966256307621,4.002217743293944,3.26310931886835
HCA7581081,5.528202872444406,4.313988272701301,3.452512280400537
HCA7592086,5.349558291228939,3.6970492433251927,2.463575602464162
HCA7604067,5.510676295417577,3.972742697882541,2.6147286139484267
HCA7605978,5.497912492491995,4.419566958718821,3.296478631128572
HCA7607477,5.437804769623257,3.993059891716607,2.7892255607944043
HCA7611569,5.202449962070643,3.0425651765637696,1.1509716221193098
HCA7620469,5.513288877849116,3.500457016606459,2.802711461538677
HCA7625176,5.478924843014848,4.099308416934209,2.803427341041188
HCA7627786,5.353427475088474,3.449386883241953,2.5680300894711823
HCA7636686,5.487090385814392,4.177109405103939,3.612651746722457
HCA7643279,5.261784588520382,3.6673567654275727,1.8012744333408182
HCA7651278,5.431142830368318,3.981000186299857,2.574463878888187
HCA7655892,5.533868293102731,3.480433531282754,2.871628920802155
HCA7664792,5.062573830440526,3.2441753174000576,1.7935783176082851
HCA7667899,5.589403291967451,4.258521280863675,3.84881271249347
HCA7670686,5.513929547460028,4.248835180306446,3.113676913945384
HCA7670888,5.469372872503763,3.942239923032101,3.5291809712211824
HCA7670989,5.283724508645949,4.004857235726648,2.077513791606748
HCA7673288,5.524443235845263,3.665611386107583,2.705003679176564
HCA7686196,5.504777458530388,4.241931946778948,3.1305355560252948
HCA7689304,5.531615567848962,3.954435166556369,3.153793028802972
HCA7690187,5.5411573359414215,4.155320999401033,3.2893806769316445
HCA7690995,5.518361796719276,3.697386900697333,2.9562721751835
HCA7698204,5.453929101547846,4.098474391917078,2.953907197112099
HCA7700265,5.562719850778125,4.019509408755107,3.0138387169363368
HCA7701974,5.369264880119865,4.216492933949516,2.4742804742419766
HCA7703372,5.478273548903196,4.197221972785738,3.1546057848161877
HCA7705275,5.397974183591309,3.986244756153886,2.91746691613225
HCA7715581,5.310605325411993,4.23390838823376,2.936289194102116
HCA7716381,5.472014917572201,4.309145042491093,3.117252759258964
HCA7716684,5.500306950979225,3.8752244607976527,2.276905984112729
HCA7717484,5.512888089807898,4.0017959701302415,2.786772493195936
HCA7745994,5.520525821856005,4.012193729341224,3.0838277930702573
HCA7764594,5.477951035500608,4.359613523887308,3.417008047514412
HCA7773393,5.468106298435197,3.789015118203351,2.717238216105289
HCA7777200,5.331329352858149,3.4230799110333976,1.826960015182141
HCA7789611,5.456590962777145,3.5130521396753016,2.3242424236410955
HCA7799311,5.298662559393038,3.3758548833997946,2.337311101474952
HCA7802172,5.526950504461991,3.958035257005882,3.124930995167526
HCA7807384,5.489675300940164,4.488033568704796,3.122968668446717
HCA7825487,5.222482767905489,3.725272045415213,1.857079562189896
HCA7840988,5.5333458786766165,3.488276298742629,2.661687819695248
HCA7841485,5.506469174780459,4.510737793295815,3.226351655226043
HCA7879713,5.035743515148182,1.6605476910229613,0.571078966639588
HCA7881598,5.536637380888288,4.360303651118019,3.3578798037480264
HCA7884605,5.42998501653766,4.0439083399143705,2.672015921217588
HCA7885102,5.385696523977235,4.071163764532273,2.4146758607998566
HCA7888815,5.216053591497599,4.071965212760136,2.4436411158875164
HCA7898818,5.304146591880353,3.579293575223298,3.090247331355935
HCA7907287,5.474132718931648,4.514072782086695,3.3843711988755567
HCA7908188,5.328813382092475,4.15270042153935,2.602976444559884
HCA7910680,5.450887108434704,4.418287550901861,2.9617063021975185
HCA7913181,5.470407829431282,3.8789644686981455,2.835203321520156
HCA7917189,5.375324504954297,3.4170297562626137,2.345403893849494
HCA7918393,5.4180008898654135,3.9411629985158334,2.5163853596646057
HCA7919698,5.641429055013232,4.288662513122651,4.561625933537544
HCA7937701,5.548811987150692,3.580427497398954,2.7794238857509788
HCA7941388,5.523734931231558,4.5189254792419415,3.840439898180288
HCA7950086,5.530360746972025,3.7632990693540647,2.093071928262292
HCA7956199,5.410864501572492,4.389051720278974,3.3235305802998685
HCA7962902,5.419772477265773,4.516357991707657,3.1727360528115938
HCA7963196,5.370817835204656,4.4711969790961374,3.3614040473788647
HCA7964401,5.578126075551118,4.271446184754687,3.531925336422175
HCA7974909,5.481783845943782,4.018477455023057,2.7725888086248864
HCA7980095,5.331715090521532,3.684752557326133,2.241715856857388
HCA7982706,5.541673386501277,4.224574520259969,3.1768511929882126
HCA7985510,5.461371801298113,3.7100232750478455,2.182131194354471
HCA7987312,5.433609823490403,4.250803852293056,2.8710622923758446
HCA7995311,5.513853602616704,3.407514773119865,2.889492578504825
HCA7996616,5.433279710948632,4.091290733870022,2.8642527404916587
HCA7997113,5.5006839195272565,4.161875463946798,3.181901787419544
HCA8000040,5.48745247421607,4.132621167637639,2.4883185390795206
HCA8001042,5.4960824778212,3.8385118896452433,2.7235332350887296
HCA8033560,5.433614621850198,3.278144570044809,0.9895841233176376
HCA8034158,5.451979929418924,4.071075559314945,2.772771132552996
HCA8038772,5.245051720078245,4.327567329748135,2.959568816551601
HCA8040759,5.503170844195591,4.075317725636942,2.5874237308531045
HCA8058374,5.626054727756194,4.558506245931249,3.8443743463337072
HCA8065270,5.34599460916446,3.633396842380142,2.2556225490887005
HCA8065472,5.3349666641425415,3.812172661597104,2.793356982726548
HCA8066676,5.489051243648971,4.068936736868965,2.3895558497258143
HCA8072772,5.4783744528023295,4.307097412363528,3.1468087306515296
HCA8074170,5.520532735649933,3.855746158734132,3.020583597190985
HCA8089082,5.477554962796056,3.9642923770843614,2.8810502462944703
HCA8099186,5.509915960843174,4.085885482388178,2.783208476010258
HCA8101450,5.560084793519216,3.896381007442823,2.731250998887763
HCA8103858,5.400292383038996,3.92338979329581,2.0519094560327904
HCA8121355,5.512156668573448,3.841856192696527,2.8025864981288096
HCA8123460,5.53072535352079,3.690845502436889,2.4812648094136587
HCA8126971,5.601092633932924,3.774413950605713,3.9299688143662
HCA8127165,5.205494889248881,3.824179015886536,2.5712700563862687
HCA8132057,5.373587469126001,4.150248168859489,2.7371826498082323
HCA8133362,5.541001122686222,3.894761616293079,2.497962175707108
HCA8134667,5.543565288931028,3.9229230329397833,3.675074400671509
HCA8141563,5.361752149059531,4.103460471711147,2.3253158874278976
HCA8142767,5.618200763226072,3.9670731159791255,3.630354564547934
HCA8151667,5.346221671759411,3.983814635512692,2.514917989243559
HCA8154168,5.426690459694608,3.914558255672879,2.992159587684366
HCA8169484,5.313770194392728,3.5914799693218966,2.892911375497857
HCA8174679,4.920226424870238,4.244315101196432,2.534382592489278
HCA8191679,5.382005362388547,3.91966576363714,2.4959851326494773
HCA8192378,5.460932659280908,3.969400470328013,3.122128207230333
HCA8206666,5.539955809092756,3.8721325185703153,2.7257565916485014
HCA8209672,5.488643774488268,4.102258605785689,2.681681426666485
HCA8219877,5.476662908155392,4.267315203370777,2.965642303660617
HCA8232061,5.268236914281533,3.867010265437419,2.347712710237125
HCA8232869,5.486013476783769,3.6499277931322407,2.7995450636025896
HCA8242973,5.414534157421654,3.817126545977602,2.207661981388588
HCA8244977,5.308487426388828,3.7449507270696807,2.5759084165121
HCA8245878,5.315208470305087,4.157296687273851,2.9253235665067416
HCA8247074,5.538082799679841,3.984015803646877,2.17841168903014
HCA8249078,5.5287293107072575,3.889731585669968,2.9606464821723946
HCA8251368,5.4353869316883445,3.954389493752785,2.58841085400569
HCA8252471,5.406007293511615,3.8508485103891896,2.62871681739117
HCA8253978,5.6191804583043865,4.477464280292157,3.993940638059812
HCA8267383,5.536832318880433,3.747621839355052,2.912649849056403
HCA8271980,5.4897927203041945,4.160822223295207,2.037052904519009
HCA8274279,5.479986300966894,3.88843186889524,3.129525879946208
HCA8280274,5.403838859016915,3.6989897877648095,2.6259694499129145
HCA8296592,5.498787718667228,4.084511373069999,2.8114626371222093
HCA8301357,5.490753374328087,3.64875472014479,2.5103391924727734
HCA8301963,5.547907544767959,4.388649444534123,3.367176280300204
HCA8306569,5.525969190036048,3.9883234752321233,3.0311733389314504
HCA8307773,5.4724708263644,3.7803696884635496,2.964365675719274
HCA8321565,5.606624047916579,4.2552330082151935,3.458127214407796
HCA8322264,5.376481268585971,4.373426085084346,3.412980867692946
HCA8324975,5.455568630914833,4.085069534273466,2.724321184851088
HCA8330061,5.278802397931533,3.6860713888016656,1.8247373165267555
HCA8335778,5.38166592932148,4.302022234375043,2.8275937781275293
HCA8341268,5.428781544978589,3.737097900407405,2.100653162631535
HCA8345882,5.388382164974817,3.7445815851486906,2.781454522507725
HCA8350976,5.451622352737053,4.268339823619378,2.7576588721502
HCA8351574,5.548973863592487,3.5396870689629165,2.568469210492853
HCA8358285,5.532803053569359,3.788794108137717,2.455816205940143
HCA8358689,5.443095971444494,3.7721827133167234,2.9571732155230186
HCA8361577,5.421106290969585,4.160584327294933,2.3305138590777363
HCA8363278,5.1781633702777405,3.440174421056545,1.2024659356459952
HCA8368490,5.41658960716491,4.110728990583931,2.5999336742519423
HCA8369896,5.416921638979462,4.133295528079169,2.990334715880134
HCA8376287,5.60072973207106,4.121246221617596,2.9063032242602413
HCA8378594,5.496655764677706,4.157748467960274,3.1552093751124386
HCA8391586,5.502868857067473,3.890943803275187,3.170468202580399
HCA8405975,5.328807996685584,3.732296104336037,2.192519913570645
HCA8421569,5.511584111292152,4.182423273109372,2.535357938000591
HCA8434376,5.5279464355323045,3.682812230873089,2.981589322381456
HCA8435176,5.308007026926665,4.053292549808757,2.6803528649813018
HCA8435277,5.505329205901699,3.7821827101491774,2.478622654140049
HCA8441777,5.417075181404576,4.240454830546434,2.9873629561518262
HCA8446383,5.392570887367423,4.177783196856072,3.046521795033198
HCA8449490,5.470995488195577,3.9954091694442666,2.0459931436308643
HCA8451275,5.348621780424467,3.853357303993968,2.1710103163982284
HCA8456386,5.424232947624764,4.019931969426544,2.7167703142453283
HCA8456790,5.505515392072512,3.58825596806779,1.352294467524974
HCA8463787,5.462209800042256,3.894467631878557,2.0438500022238446
HCA8465387,5.455130119522431,3.580879435594301,2.565347052787084
HCA8476190,5.490800080026686,4.08910562006547,2.8431952673924847
HCA8480282,5.400799862395571,4.067112044601556,2.6421017860986358
HCA8481789,5.518178833888445,3.976095259600693,2.590261288632488
HCA8488197,5.4670938286276,4.041156988422919,2.8275382480875506
HCA8491893,5.4421907796089695,3.6534992064239256,2.008631223238904
HCA8494899,5.341247622287581,3.817621561047553,2.7594949108345146
HCA8502165,5.439334524502878,3.8989507036611264,2.398586603084057
HCA8502872,5.341738827566203,3.468919856069656,1.5083441575923888
HCA8503167,5.497026818465719,4.243819359548965,3.0116008760760904
HCA8509785,5.518158856838985,4.065946715419565,2.3314721524950226
HCA8511671,5.564365798927512,4.237638426892126,3.266598102302614
HCA8514374,5.328897960726764,4.101649579113597,2.844544127280194
HCA8515578,5.47918912470469,3.4907781666548163,2.1519286651621123
HCA8517582,5.482220280917875,4.361606572447333,3.3203027995640486
HCA8529892,5.357874832041138,4.240167517821,2.8183589372021696
HCA8532174,5.381552962883299,3.897735330442501,2.9218038853666624
HCA8536081,5.572205961430536,4.241970308168164,3.240417997258424
HCA8537992,5.539326280137756,4.200405297299694,3.31245668310746
HCA8553485,5.383418781369182,3.637383613715734,2.05745870720458
HCA8557796,5.549923680010371,4.323103745332795,3.4018539940981807
HCA8578704,5.405503331107502,3.860835537887398,2.504006204197556
HCA8580387,5.430748066103762,3.85729053995986,1.915220383713908
HCA8580690,5.453327368094042,3.6380078867106898,2.846864789652493
HCA8587705,5.419629501598144,3.566673439754071,2.7374394291436848
HCA8591796,5.636120026382434,4.005679174137792,3.341924138879301
HCA8596099,5.404275085989632,3.83498744006213,2.4787522403852766
HCA8596403,5.4133663645240535,4.283963357050724,2.951937910312858
HCA8597405,5.519666421857888,4.155893501919211,3.0195523480634163
HCA8597708,5.555112813528899,4.008069836809557,3.241942003612368
HCA8605680,5.513701509309944,3.995767428782191,2.543066633536248
HCA8620979,5.477370410578069,3.7729838540497895,2.454004830544038
HCA8623581,5.565008778478133,3.805718318215283,3.3845448326449667
HCA8626082,5.421783727438284,4.424985511584964,2.9459670295402502
HCA8657295,5.466756741120815,4.088528828881357,2.834177347647804
HCA8657598,5.56913155084285,4.097314094145352,3.1339042505185684
HCA8672190,5.4289123942082,4.208482045709708,2.6674213012548638
HCA8674902,5.34113947885919,4.029612235806432,2.6686807880234467
HCA8697005,5.461526846325395,3.7152262306177537,2.65052118513194
HCA8699817,5.380716573772624,4.325624073761174,3.300380840666611
HCA8702577,5.327294516879775,3.851828459235581,2.6278873053807
HCA8705381,5.25247583682717,3.5259448444578148,0.8854194382265552
HCA8711477,5.491283815593953,4.096632070984771,3.2040231218682287
HCA8712883,5.454083474875061,4.092006099914473,3.168887200933141
HCA8720983,5.466950025772667,3.818711321275421,3.258642508344678
HCA8724991,5.543819804320736,3.5496019304859043,2.683256060349521
HCA8738699,5.3198996601940856,3.962568701658831,3.1410704519912724
HCA8740989,5.2239049898658685,4.065976861483091,1.706723277798493
HCA8743187,5.064128507746221,3.739414877978725,1.9501144529757768
HCA8748197,5.403091192060539,4.036393960151539,3.145272938494428
HCA8748298,5.364262727740687,4.022957676988463,2.9886178822207743
HCA8749907,5.467039070815265,4.041325627457766,2.973783920054046
HCA8751792,5.469757850408904,4.285751659289764,3.1759002288604625
HCA8793607,5.284542377042088,3.684263703007376,1.8660570959481415
HCA8794407,5.391245155703406,3.932039473212223,2.7194697280789297
HCA8794912,5.389839462483358,4.277826502174398,2.7303293467847545
HCA8795813,5.189370928054227,3.951918702702019,2.3640991154921416
HCA8796916,5.57409681828575,4.007664409555148,2.2262778610246263
HCA8797211,5.472880140410702,4.12818270109005,3.269469866338889
HCA8800274,5.4794563451377,4.007846864260815,3.15658911885856
HCA8825997,5.433654035377697,4.336620412312472,2.9233782843512386
HCA8826090,5.518457749437018,4.416459884698559,3.1967959246114224
HCA8829905,5.39184774855756,4.069356037228526,2.481908243122231
HCA8846400,5.4760826606608015,3.246447742919771,2.322365996780934
HCA8854398,5.303651967608231,3.868084026462584,2.093206066966612
HCA8858710,5.436633700656913,3.928154352765716,2.5386524206953167
HCA8858912,5.390890911581803,4.276467174428819,2.7539749210869817
HCA8866406,5.498581910902216,4.109396814224782,3.174326307877388
HCA8867004,5.359370766240555,4.128222655005715,3.1637334008709885
HCA8867610,5.566178932926791,4.084297978160467,3.1055961614857592
HCA8868915,5.5685894341734725,4.070488037492955,3.6454041940684334
HCA8869513,5.42648714190982,4.189559797454545,2.7834684216482923
HCA8873908,5.509593198456835,3.904566804693254,2.666804799874299
HCA8883911,5.557988331189621,4.124405184279502,3.3407813599412526
HCA8904185,5.552444267971282,4.027365153745577,3.081780340923734
HCA8913388,5.541763977777722,4.092562611058984,3.145319572902211
HCA8913489,5.349441766609191,4.233589301919995,2.883794777245248
HCA8923391,5.55823431834647,3.725503308201882,3.0248407872568803
HCA8927501,5.245836091996325,4.154104593677404,2.9204112591390787
HCA8934497,5.4754307530915405,3.465323139949221,2.1331889106297948
HCA8947709,5.439964006031206,4.210039777034322,2.889944269966742
HCA8953805,5.4402622523255095,3.979209678541953,2.7421641730368598
HCA8959211,5.469987556358524,4.105738436364853,2.55248510843253
HCA8961399,5.4605400317282085,4.016130493774562,2.888197258552421
HCA8961400,5.279713255764886,3.7725386317077714,2.5843282794565576
HCA8980404,5.568355243896495,4.297437916568441,3.283105147111133
HCA8983208,5.547094611843778,3.955112025008503,2.7404812789229847
HCA8985212,5.500866484138417,4.094718127286851,3.097854177565163
HCA9007968,5.378375912369506,3.8769220356717975,2.4484916278708053
HCA9022762,5.4686025481917255,4.117366079409232,2.618393253334947
HCA9023865,5.375393489240551,4.20783426811999,2.68819185027277
HCA9033868,5.6381148980891895,3.742826071402618,3.307801160207457
HCA9037876,5.511278806752177,3.935105557976864,2.141114613851474
HCA9043770,5.584887026810756,4.043895723743428,3.459056986836221
HCA9044570,5.479525766131931,3.6441205829958543,2.6250866379637703
HCA9058682,5.605099670935334,4.03067740750928,2.809400502450141
HCA9061974,5.0714535597071775,3.365669772339565,2.395238596845616
HCA9067178,5.467658970328638,4.060757223586688,2.460682372057045
HCA9085685,5.368126386144094,3.2493691338260366,2.499653665746175
HCA9086283,5.50122189825154,4.18937715185044,2.4731727605273437
HCA9086990,5.428876706707429,3.695364473483613,2.417147817533075
HCA9088388,5.302014850483031,3.4094910421518385,2.422385812847795
HCA9088691,5.378496971668392,3.646040010235092,2.300580947615487
HCA9090779,5.5066461672587765,3.8583365118861535,2.409022438181926
HCA9094484,5.401265982725916,4.171722834295916,2.7982781532934484
HCA9095284,5.52775798545625,3.935682194029301,3.209793833597826
HCA9096690,5.266630219132249,3.450606670326026,2.2584830672800096
HCA9099999,5.557546716352006,3.61738164991545,2.8922058585116925
HCA9121158,5.390797315800933,3.609787368759071,2.133992929504744
HCA9124366,5.423865508535933,3.96046560122236,2.781491963867577
HCA9126269,5.364528052663414,4.179214882449578,2.9942516534083228
HCA9156783,5.558729830087953,4.307459966598777,3.886923106719276
HCA9157179,5.623225856345481,4.455892818521027,3.563638456958564
HCA9160370,5.440375166449068,3.810071105708874,2.9977973447190336
HCA9161877,5.516842207239797,4.390012171340228,3.32749052168432
HCA9166786,5.329951579622597,3.557047535337488,2.2649694556064
HCA9170373,5.500633271907756,3.897695130407944,2.8985739022401225
HCA9170474,5.298220111236436,3.703511431687966,2.2209921921142297
HCA9178894,5.590331548190332,3.8812566094091774,3.605852817120719
HCA9179997,5.404491450923652,4.277774403116196,3.371234715945086
HCA9187693,5.460230018150311,3.815727000768928,2.45580093332977
HCA9194084,5.40813446340041,3.98124048945238,2.64730321906301
HCA9196088,5.4329690957635535,4.173780178964028,2.655897010525428
HCA9198092,5.553600720124466,3.977062690183404,3.025999866102681
HCA9202057,5.585502728749637,3.9592072984523417,3.283352040702733
HCA9202360,5.541189571021314,3.667421875495396,2.8776799090933824
HCA9217575,5.4833219015247625,3.8538166444257738,2.912604952665184
HCA9231670,5.62710526126525,3.933680211690814,3.680893389324285
HCA9234979,5.482799813657096,4.224856698860241,3.1884044896127635
HCA9239484,5.50921812820671,3.804614450209566,1.9802612864203608
HCA9247483,5.41475345160861,4.0230695866912605,3.3787051775079684
HCA9256181,5.496385261714896,3.8917741886118873,2.375254425173847
HCA9260071,5.400902094259123,3.683919261748907,2.5099787214449822
HCA9266285,5.59595311755777,4.2875503332862,3.642059233869667
HCA9286392,5.5566976310074985,3.9261008059709126,2.727188142355637
HCA9300057,5.526843690864823,3.3095185578141075,2.094808887582001
HCA9301564,5.49071746357141,4.14368904622348,2.0309427528253137
HCA9304772,5.426800751577759,4.275595156967301,3.1965876031443994
HCA9319280,5.499104719684932,4.519578003032205,3.532754875348892
HCA9319684,5.407725253193299,4.05715369444137,2.757616432776266
HCA9323978,5.279073557644842,4.272477080703268,2.479186340661175
HCA9329081,5.420005249682691,3.916566437912289,2.8098466925252183
HCA9329687,5.386551720602183,3.7997523865155225,2.7219088890426364
HCA9339892,5.255992833674984,3.686108479929168,2.528348240817408
HCA9341879,5.398002426665401,3.629136630365946,2.0453090755245693
HCA9342578,5.4904098808449175,3.694410576793832,2.461800849690688
HCA9352783,5.567110131256045,4.0513854236538425,3.212884269574607
HCA9366895,5.354012455653347,4.149021891137228,2.4898139687150205
HCA9369902,5.436408767285553,3.70124212625539,2.589755301306297
HCA9372789,5.33634560024024,4.169749869149116,2.5619471665537152
HCA9373589,5.683147624587238,3.940874991030904,4.618419496778105
HCA9377597,5.480144346004403,4.17571152562473,2.99615623194892
HCA9384089,5.396470244952599,3.743609472586184,2.4639534523466486
HCA9386902,5.591778548924888,3.8860734458532735,3.188305288057017
HCA9389605,5.410743305254224,4.08103890857401,2.7941922310509413
HCA9392997,5.277846189409021,4.089495446503687,3.2721619800624904
HCA9407681,5.595355761889661,4.38262436114867,3.835405612302945
HCA9409786,5.391561232077022,3.919550160653361,2.7024716880546644
HCA9414375,5.563428236818281,4.348006118369727,2.6306315108560083
HCA9435080,5.487495418458829,3.9279727791691528,2.3946243285284594
HCA9436688,5.45133522700941,3.890645473193363,1.9081439478461224
HCA9438086,5.498580743794657,4.125565311837405,2.640655812070648
HCA9443079,5.458537396237682,3.7901931862926026,2.8340520464963124
HCA9449900,5.521496971556968,3.948104880509373,3.271829786607665
HCA9452181,5.538811228847539,3.784929939964359,2.452858427812207
HCA9455288,5.307883453212144,3.883236253847141,2.3584500790423477
HCA9460079,5.507910238956325,4.3822182504479645,3.212600974585516
HCA9461182,5.4461014328587325,4.23219264337043,2.885833061900364
HCA9464996,5.501527933762595,3.757505132272264,2.5828787194460885
HCA9469906,5.347285905910145,3.853873110960583,2.08712033352186
HCA9478098,5.422854933527548,4.448659506364962,2.989651072790148
HCA9481693,5.243899482792781,4.018015979094793,2.4407736489329275
HCA9481794,5.425667230351063,3.799927176640469,1.944327900779571
HCA9492496,5.473127738929276,3.518936162545266,2.327165461864744
HCA9496707,5.18757219777284,3.617650628024105,1.7348855608966691
HCA9498307,5.406768877200149,3.989081559059185,2.2177520190252986
HCA9503576,5.317940031614223,4.212591678445656,2.825880907683892
HCA9510169,5.471261044378697,4.008018002412777,3.08076174521135
HCA9512173,5.440146702048756,4.115884827592074,2.0525850584752385
HCA9515684,5.473860860543844,4.124949212009429,3.146012505015406
HCA9521073,5.513880272776242,4.566034973921447,3.460141179680569
HCA9521679,5.523108602877697,4.274976280883131,3.238700062743177
HCA9539800,5.538232964366027,4.368359348638709,3.574624544641124
HCA9546089,5.338071341512151,3.112514433505899,2.391423008319219
HCA9546594,5.479651696985742,4.278351312408576,2.803796598764242
HCA9548396,5.392468089466809,4.4109639513424295,3.6968934053599
HCA9549297,5.341223885089586,4.098435816989964,2.5204146103763665
HCA9551486,5.557002669439122,3.9493901128474,2.4930411657847382
HCA9551991,5.40135520774632,4.037470399722982,2.55823821113551
HCA9554088,5.41035289725081,3.873746207696121,2.724938913271491
HCA9556193,5.538389203269591,3.946797235850688,2.618514724327445
HCA9559806,5.454402452485563,3.858188326380512,1.7530217520935738
HCA9572797,5.480371415299121,4.030566203454636,3.044677463851021
HCA9573597,5.114010034380159,3.4500438863733183,1.8369113906987733
HCA9575298,5.561749055986351,4.04754939896702,3.0663446851463743
HCA9578406,5.404809016576223,4.122884132012085,2.9457182251020284
HCA9589310,5.563760501808134,4.027405839854,2.971722280936868
HCA9589815,5.542234993862667,4.157967061981129,3.3208088002246976
HCA9594606,5.525405495426085,4.523482502448217,3.4390185553315984
HCA9599212,5.497277880643,4.269003656537189,2.7952779609653526
HCA9601374,5.572263376190597,2.9335892603599074,2.801946141176868
HCA9603681,5.493094096729481,3.691290132972209,2.918408001460042
HCA9614484,5.559514379894338,4.47104555002646,3.587003666582515
HCA9617793,5.451084441837677,4.079580139639871,3.3878860630727843
HCA9620075,5.678581234876608,4.272760585141242,3.8675375777167966
HCA9626693,5.609599277370385,3.9294580979942544,3.679256049092588
HCA9628697,5.470567672150773,3.7911919393618514,2.7223573766858697
HCA9640889,5.348836498556524,3.806547497189336,2.1261964561735347
HCA9641386,5.4803050281593935,4.361900225588848,3.3761620964372794
HCA9646699,5.588107477112545,3.6932834457959065,2.253262543894041
HCA9650993,5.451713127346993,3.2794197263237983,2.33306593620566
HCA9662495,5.417701186978453,3.800966482276941,2.7638530718923184
HCA9677509,5.489035148486283,4.0874786243677,2.9648819306069245
HCA9679715,5.424156587311917,3.518671920349661,2.058245052572282
HCA9686611,5.580940322382387,4.122271219163338,3.152295658362133
HCA9688312,5.38256265354699,4.137382442685339,1.7814680920442507
HCA9703079,5.4360779440103375,4.089357565219749,2.451442550298822
HCA9707289,5.48222651984922,4.170850694922804,2.783955916191053
HCA9708190,5.455823894014202,4.021189772191743,2.5675283065734327
HCA9715187,5.497327309737686,4.153689725909622,3.1117311551470435
HCA9716088,5.356594832943117,4.127095092681417,2.8429553736722237
HCA9717999,5.441320941115913,3.847275073978584,2.3714243765656216
HCA9734999,5.384995776675136,4.253576567062438,2.503315810625821
HCA9735294,5.339031928110038,4.315561997151198,2.927395792869361
HCA9739808,5.457254340362617,4.379692849331702,2.681588755136362
HCA9743900,5.5580827822581895,3.779809458447024,2.6790218516606816
HCA9744194,5.440031534370604,4.200371879420711,2.8015867833191903
HCA9745500,5.297531737326159,3.454179495901641,1.81484011852674
HCA9750290,5.220928962254641,3.513873720614618,1.8375425597488917
HCA9753094,5.257883654283319,3.822443174381927,1.9298775859705857
HCA9760091,5.399347749860928,4.240209194523652,3.137166661504872
HCA9761497,5.539783284940492,4.433672287767108,3.529058918623742
HCA9761801,5.35521318165549,4.085060007251297,2.9252313731133435
HCA9766912,5.629589485157649,3.6375999177406193,3.3182375540939484
HCA9769211,5.533716610419987,4.423861252593838,3.58545085128268
HCA9771703,5.302129314978868,3.330168106138548,1.6597605145761989
HCA9787415,5.545639198158894,3.900412763705357,3.072187539322625
HCA9800885,5.117855656135395,3.911935545740229,1.4284407433778687
HCA9815595,5.503976267011577,4.131214284729389,3.0700671550556327
HCA9845403,5.13765829839123,3.8833995811541775,2.2252506831466605
HCA9865005,5.566059097625703,4.146578790725883,2.8278137559947627
HCA9866310,5.396460976054761,4.023863733520368,2.732189193663793
HCA9868920,5.544326949400697,4.199137075997539,3.3201510926215
HCA9880001,5.382149912477331,4.2017288799244055,2.82573169623554
HCA9880405,5.341359357891343,3.926164137957369,1.848972326394729
HCA9882308,5.496251996547451,3.4105426031590085,2.1557353837632087
HCA9894012,5.372486157153251,3.996232959926165,2.7299578532072477
HCA9894315,5.5345834915968775,3.855857823566805,2.510912680242283
HCA9896218,5.571765163716654,3.872075043071339,2.549836468753944
HCA9908906,5.504067469547997,4.2212655706364295,2.833381641748858
HCA9912391,5.449215374401084,4.312769446476555,3.2230519803664066
HCA9912492,5.497979077807186,3.6553301395305673,2.0640551202577515
HCA9913090,5.331149944153971,3.9943780359737935,2.606104744792608
HCA9914193,5.368326629440177,4.026099943701187,2.617329875074755
HCA9922091,5.559860298196728,4.5343149211980185,3.4870660863912444
HCA9926201,5.493011528150658,2.9176530344370426,2.2228034501888803
HCA9938309,5.510293015753345,3.0325783032883296,2.671063812491305
HCA9938814,5.4207632580732446,4.0044099144769145,2.9357586081133284
HCA9943504,5.465332939756836,3.91440103339522,2.944912475412895
HCA9947411,5.417679609280352,4.295075835639844,2.951697957670704
HCA9953406,5.424828279947098,4.162289412802919,3.3691136358364258
HCA9956008,5.456395168633324,4.09586359872947,1.2741935642063875
HCA9986825,5.414980609784002,3.990043595587129,3.333213530972277
HCA9992517,5.511125063542419,4.050025347952341,2.1993211527128342
