HCA6002236,5.503466585191953,3.903637014975534,2.0327995702177346
HCA6010538,5.6308411436604455,4.287974524588481,3.239092815221476
HCA6018857,5.593611568647688,3.89185774675501,2.7140851346753827
HCA6030645,5.448697446143664,3.879155990138885,2.826219696485317
HCA6047359,5.653283930202245,4.151753236608346,3.227755241699446
HCA6051047,5.519673278087865,3.642777260061586,2.657381763262378
HCA6053758,5.479907929650985,4.514195818287958,3.195249966290631
HCA6054457,5.511205148848057,3.741881507071663,2.765558589306728
HCA6058970,5.676564480762873,4.095331142149486,3.253786425829224
HCA6061757,5.572229471400032,4.016125693419121,2.890316789310975
HCA6062456,5.604523688102703,4.14308832481279,2.8707828260196644
HCA6075263,5.546225191258362,3.712684775653056,2.038561305296765
HCA6086369,5.590053063293314,4.424645910792504,3.1990632167222617
HCA6086470,5.508716092711143,4.217050578218024,2.923773583345472
HCA6086975,5.719233277830853,4.18040906469073,3.276879838998789
HCA6089375,5.612763928619926,3.9842844445815113,2.2708289340492964
HCA6091766,5.52936600022663,4.172634241537677,2.4836944916883694
HCA6095572,5.560326953237771,3.929899226279576,3.094401054561744
HCA6098073,5.694025573530229,4.610143725462048,2.98522346965683
HCA6102038,5.52296941760921,4.3774623383723625,3.027278939376422
HCA6108050,5.55210544678878,4.134087278701801,3.0492141126974146
HCA6108151,5.490086377220866,4.050377997735595,2.8995108951742634
HCA6109658,5.526009985514592,3.94287135093927,3.106270591868878
HCA6110138,5.404052195824461,3.886654891067975,2.47958163029106
HCA6111241,5.644031883600187,4.244742443061679,3.3218381357191813
HCA6117051,5.554299168611496,4.215277297938511,3.373523546270288
HCA6119257,5.48032386861576,4.367466283125585,3.0846454219997903
HCA6120646,5.422843801960463,4.077995895646775,2.3332889270508232
HCA6125050,5.449956497261589,4.24273093270524,3.265946493959479
HCA6130548,5.516438850149619,4.281210898635911,3.087792510672412
HCA6131449,5.64337565072556,4.309671344173819,3.39019036785571
HCA6139970,5.518635094721935,4.346147702986472,2.8660036224974275
HCA6143557,5.4683613594074645,4.194233900447162,2.8664519377307087
HCA6144357,5.727097196198614,4.170929616884837,3.762617840525412
HCA6144862,5.4895525237449645,3.833988773916148,2.2991267579169974
HCA6162662,5.610595228569614,4.491123551737681,2.8585926198254823
HCA6165971,5.481541911827439,3.792607024547316,2.5780982765982423
HCA6166973,5.596221013821026,4.212471306528201,3.3970948565361225
HCA6176471,5.478962311703154,3.8468178015939394,1.7996496727665492
HCA6183064,5.537186615673191,4.182627933765011,2.5361869261608185
HCA6197580,5.496480293148659,3.636776404864538,2.088050913786721
HCA6198582,5.412618336915364,3.9532695563562776,1.727215107713854
HCA6214958,5.439149314563201,3.8180711409547774,2.280477022585226
HCA6223050,5.474192686628081,3.38442560745514,2.0875201897270474
HCA6234964,5.438048436151512,4.099336288899379,2.365362619198743
HCA6242054,5.557671742084195,3.9219090212578887,2.705027807358492
HCA6249977,5.485612588208246,3.528208457030446,2.631639196598041
HCA6253867,5.480447957266183,4.36678967517666,2.8983695013321027
HCA6269377,5.404444801853684,4.367700181176993,2.66937579462235
HCA6276475,5.3842766661422905,4.107181661814184,2.8543026054674163
HCA6280668,5.464536884861807,4.308556774074295,3.1841624280139045
HCA6283371,5.550727488473925,3.791109393063852,1.395008837825747
HCA6285274,5.509846055481947,3.80558688495392,2.7136476702989296
HCA6287177,5.615981707081691,4.01751142639051,3.246586856137015
HCA6290368,5.537637638535253,4.430496987593286,3.0932312436499543
HCA6291976,5.6204623977837445,4.609321795822775,3.555689972487748
HCA6295782,5.4184092448929775,4.150660255419109,2.998076169716136
HCA6301751,5.502709147325932,4.3357331560731405,3.432261027796334
HCA6302349,5.586177233266314,4.449890586316383,3.2987939525678707
HCA6307056,5.370238164949554,3.7396406036866474,2.3945749408192296
HCA6312352,5.447176415168415,4.069664458005672,2.732851051332809
HCA6317665,5.667889275377875,4.340065569124796,2.4325123261200923
HCA6318465,5.512990022868361,3.9395251927322352,2.502538465153315
HCA6320048,5.562329583971434,4.470876250788071,2.9031396848293465
HCA6326767,5.564156553519426,4.129211038308241,2.5973943547395577
HCA6333158,5.39172414223042,3.8742677506615033,2.058750737382818
HCA6337974,5.491306189660366,4.222757582730362,2.6229156898524244
HCA6363167,5.590791967408111,3.7960137537976784,2.712497547552991
HCA6372875,5.601439338541071,4.065562512979536,3.182998066867655
HCA6374576,5.568072560035117,4.042230235746775,2.9239944718370183
HCA6375275,5.551200479518599,4.100922112202695,2.94301834541365
HCA6388082,5.559541333079655,3.9749035680195752,3.1147452732719287
HCA6400450,5.524903162933655,4.212314043995567,2.8172043023556714
HCA6405157,5.5064106425528,3.780134679614073,1.3529552151707789
HCA6409165,5.608266899313855,4.633537258898996,3.7121603355383415
HCA6421963,5.432480394124923,3.731959067589907,1.639218707441589
HCA6427066,5.617837673910152,4.333793416075187,3.132338209034176
HCA6429272,5.536313049875408,4.371397246869019,2.889584479907071
HCA6436774,5.495552421962924,4.320617124663558,2.83256371231814
HCA6439780,5.468582325306717,3.9144918522445886,2.4740365084951943
HCA6451366,5.433799786702835,4.116727641136152,2.612290198807815
HCA6459584,5.432249933236146,3.8042022065461856,2.5141525718978763
HCA6461066,5.673142299471665,4.114060318335747,3.163229303461693
HCA6464678,5.4978502867435965,4.214549189339001,2.1171378144475512
HCA6465175,5.5594097983971285,4.436581159496727,3.16259558811185
HCA6467179,5.43999925033696,4.34783229238411,2.807002276590325
HCA6470673,5.472132052964431,3.6669901221564847,3.1013504810369605
HCA6471675,5.518257099177552,4.088260138472774,2.8351169576882302
HCA6474782,5.358170672457591,3.925683388179306,2.515055400020725
HCA6475986,5.559435803422362,3.479093948692657,2.378983243285555
HCA6476584,5.657425520774333,4.407749308255032,3.3437695414806496
HCA6498190,5.649512861925018,4.405778098995653,3.389841515102044
HCA6515366,5.540215445125344,3.616071861570203,2.795222148379878
HCA6521664,5.594251798533174,3.6332969617715207,2.6109549472583904
HCA6529680,5.6202324382302455,4.260715376814668,2.748016795134833
HCA6531667,5.51614536783329,4.387019064713697,2.783439872040824
HCA6532972,5.507038180670154,3.646327320153702,1.825227685622849
HCA6539885,5.450453013627326,4.199667472220483,2.7380662406770404
HCA6542470,5.480239547067056,3.8242193512288023,2.457866307539711
HCA6552069,5.476680064620065,4.254676989104681,2.637196456978685
HCA6559184,5.333948453748598,3.606428747550192,2.086082300523345
HCA6559487,5.515347831036361,3.6497481820596542,2.305247897892483
HCA6562577,5.504830328911484,4.203630963015232,2.46699692989252
HCA6566888,5.667570369323377,3.992123620258488,2.4746889281653077
HCA6570677,5.489118460350446,3.867855239285005,2.092360682290758
HCA6574685,5.580469625094892,4.127585945434292,2.3880318303613643
HCA6576487,5.432908496887669,3.7213440129390114,2.477167592198249
HCA6576689,5.587968090625976,4.318625938965472,3.2839723630763844
HCA6582684,5.547007197146176,4.143698046290375,2.14169058691034
HCA6583484,5.610095761866244,4.290269878536902,3.177853517701815
HCA6585084,5.446581604499608,4.255851790950137,3.203419931139161
HCA6589294,5.4722358327764296,4.381498770207656,3.4054132005607274
HCA6595188,5.418526322295044,3.758252909710108,2.1501192609462905
HCA6595794,5.396612758772143,3.413773563995782,1.225419314714209
HCA6597293,5.543690454564002,4.46020629799632,3.0813439542582723
HCA6599803,5.559974250096727,4.392464091744646,3.025364921430985
HCA6604264,5.517693030195798,4.4239381914822165,2.992653782785275
HCA6605569,5.543731635313019,3.824711833491334,2.113397000242545
HCA6606571,5.499316046381855,4.274549791570154,2.238136264661526
HCA6618679,5.503680456615812,4.260368461913116,3.13027789662514
HCA6623874,5.58129192685851,3.564104449954901,2.360267930621346
HCA6626779,5.376142952824166,3.8295127758159953,2.542681447044104
HCA6627377,5.535059759887748,4.55506595980759,3.014120143212503
HCA6631671,5.633359914459314,3.92790213885368,1.891766144624144
HCA6633069,5.482261168905893,4.122037077289088,2.522429410183886
HCA6635679,5.580063235436239,4.07823915689403,2.4681255511288382
HCA6640672,5.668857401985304,4.197401970363175,2.992396810356057
HCA6645985,5.391428485163999,4.254190568699433,2.635413597179468
HCA6649993,5.6354971282831245,4.523913750932365,3.265878949453669
HCA6653277,5.512002145237161,3.5557912853482847,2.240213201809821
HCA6658994,5.493089973581653,3.999163684883673,2.7810032218317007
HCA6660880,5.535889179347105,4.19291781627294,2.9409020075071117
HCA6668391,5.552770485165873,4.058075095817544,2.2808175324022333
HCA6670479,5.457677146694116,4.042571184114511,2.820400363981438
HCA6671178,5.594402740035959,4.08196610483361,2.543392064482744
HCA6671380,5.669526642448143,3.969992829612681,2.821026681615048
HCA6674588,5.604700602343897,3.825445691746909,2.513690368287861
HCA6678495,5.3700755033945935,4.103869205920279,2.543153811834799
HCA6680987,5.502132262305715,3.5104298475837328,1.9668488690503088
HCA6682688,5.517611021731565,3.9307844880005223,2.10254574125309
HCA6685492,5.584927864630189,4.116604882811766,3.120774702813696
HCA6686191,5.567373748327055,4.424216707552581,3.196905633013659
HCA6691992,5.648446853236653,4.081976494846657,2.860993153874465
HCA6700664,5.54848905959602,4.297806026719722,3.034611684909605
HCA6706373,5.600741644991687,4.480038180755853,2.8817525719857824
HCA6725377,5.604723078770176,4.5526140794515,3.210912260044427
HCA6731574,5.600398765778659,4.261489127782463,3.5338900790956247
HCA6732374,5.447179875980463,4.246471496678022,3.323809001562704
HCA6741173,5.500907037573119,4.13390133759832,2.847714777593662
HCA6742377,5.398647717052417,3.799961265844439,1.992936240469754
HCA6746284,5.458941833453596,4.058853707838492,2.411628121808408
HCA6749088,5.3944416327333045,4.269706848625812,2.123384290509355
HCA6750477,5.516066022367076,4.499901536649335,2.994147965590954
HCA6752784,5.536886938392668,4.36770505907864,3.037485498210742
HCA6753079,5.549780888490536,4.125076017189482,2.238341775028968
HCA6756287,5.53223177274884,4.32892714243332,2.8386092798611093
HCA6757390,5.5275505480646885,4.122328794385064,2.817640649092601
HCA6763486,5.489032757965668,3.8811554348280377,2.1840208549516578
HCA6766290,5.415642630251753,3.867348634260725,2.2592101514001026
HCA6771081,5.621021503679465,4.324417055712756,3.0943508941517
HCA6773691,5.419732776018286,4.23292413353543,2.8522309060210285
HCA6776798,5.47204690818035,4.078920290664382,2.5119406679932577
HCA6780082,5.50549738224744,3.7208077684812895,2.34186144924106
HCA6785193,5.587670384371,4.165759594598027,3.024178913682435
HCA6787399,5.232990242502572,3.363671043282879,2.575877928742579
HCA6788199,5.535163135317461,4.1006855388604,2.456056038564029
HCA6791794,5.518424060899537,4.423589951329127,3.081162384567335
HCA6792190,5.544408681476298,4.099854119900141,2.895783325253185
HCA6818889,5.547286360582912,4.253390472866081,3.1783586444423
HCA6819689,5.454403376120432,3.924787559536934,2.636467746419951
HCA6820674,5.606769882490307,4.640834789977803,3.859260903407776
HCA6848090,5.535621484645938,4.483894396695539,3.227246390670157
HCA6854590,5.666573297729251,4.272685121340118,2.839968218548819
HCA6867296,5.425116760359448,4.450264000746038,2.9659043807279226
HCA6875801,5.385965341902661,3.778784690932764,2.8967944271426105
HCA6876095,5.538740776114376,4.108488015856191,2.823224592620112
HCA6877300,5.418397868998631,3.866121012527825,2.475364399322072
HCA6879607,5.412394086726681,3.5417485167760967,1.8403570343121805
HCA6880490,5.5788434536294815,4.0919227877873166,2.9384931396608143
HCA6896607,5.529623786120024,3.6442296297493786,2.944451584941145
HCA6909084,5.433654437806635,4.199943236779223,2.667646899098875
HCA6909286,5.54862067536587,4.376224761033683,3.007133954253881
HCA6910372,5.539397107062477,4.356223459203433,2.848642640996888
HCA6924080,5.481467127296687,4.353189756481321,2.7218143226904936
HCA6937998,5.431058999567377,4.241104490860493,3.089189932033192
HCA6943690,5.41632147300154,4.015111103934929,2.9162373665073646
HCA6946191,5.583979858765904,3.822754932594517,2.9589037265764824
HCA6947294,5.532230219184651,4.540178437828566,3.219335816898497
HCA6950586,5.546894331657114,3.86003633878617,2.5405767129085097
HCA6951487,5.591477429163942,4.496626232495789,3.277080727389516
HCA6954998,5.571931961369778,4.518939874582946,3.378477999259075
HCA6963696,5.575817800743787,3.933735143845317,2.012413497531125
HCA6967199,5.452958400576278,3.772384280304809,2.850476530870945
HCA6972899,5.379649577999401,4.023661783398897,2.450870857482012
HCA6987206,5.480175783393616,4.248179662875125,2.560838842418278
HCA6989715,5.450384732260168,3.567521467165111,1.955413502617617
HCA7000843,5.551128894509837,4.394800814119553,3.0818453101836187
HCA7011040,5.588083731190266,4.507176049081077,3.1253194196687555
HCA7017759,5.377829491197167,3.763639834404729,1.689004098013885
HCA7017961,5.530063295764579,4.28868453032551,2.529834863499929
HCA7024655,5.621714375766016,3.9160386639443705,3.0488962909335706
HCA7025253,5.519777845434159,3.971340475702032,2.681384538833422
HCA7027863,5.558808304210797,4.283576677009341,2.8830819465869792
HCA7030549,5.547999636203372,4.041462094830329,2.4884974031566385
HCA7046968,5.604755972291407,4.484331497697981,3.0547054026308387
HCA7050151,5.529624469194421,4.322818090723003,3.1360295604734425
HCA7056264,5.445183564250335,4.154287219853196,2.596307116703584
HCA7066873,5.433986813759152,4.146498342353427,2.3983449562563486
HCA7075369,5.494873430241553,4.263949555304492,3.1208172195262747
HCA7078981,5.578620995182673,3.866663036361679,1.6208199246430834
HCA7079074,5.495042691053108,4.607129174686956,3.218520674418303
HCA7083065,5.278072078492446,4.0022759292760695,1.896540804986243
HCA7091771,5.540024574131146,4.148209295501876,2.8303333344761548
HCA7098684,5.435177640026859,4.24958009906741,3.483070121491441
HCA7101546,5.574315127850511,4.502382339466716,3.2586055202387563
HCA7103651,5.570546541905978,4.453803477812387,2.605521634835978
HCA7108358,5.5949160177937385,4.075085719776145,2.4626195441600247
HCA7111650,5.600505721326316,3.851893813568118,2.5126149915805733
HCA7119969,5.5396523584088175,4.4296901672787135,3.463090533315229
HCA7124659,5.568823982142479,3.95796161190518,2.9278080990949147
HCA7126663,5.464282813222638,3.9649716291628376,2.482614750818813
HCA7130957,5.5404740510703165,4.141054180086793,2.71841899791509
HCA7131454,5.524633774018054,4.371695696200453,2.983805232188641
HCA7133054,5.454747320844598,3.739878118056229,2.197743481842016
HCA7134056,5.509398755925291,3.444280940993784,1.879377383162454
HCA7137567,5.58636222219985,4.727532861517039,3.6729471303995895
HCA7155973,5.569968602006904,4.249626057771226,2.7872962371819594
HCA7164267,5.422805742359328,4.193006239669425,2.0472138192155795
HCA7175272,5.492552149743047,4.376096941133224,3.237992649287325
HCA7181873,5.630273814340801,4.649404129896235,3.445862714948748
HCA7182067,5.527374872464819,4.186111003104176,2.6539635868916136
HCA7184576,5.544772870481492,4.269582086254004,2.6014671810888625
HCA7186883,5.448715040883227,4.229984203635564,3.357446924200129
HCA7192777,5.588915925993303,4.369861134287824,3.4218447198185613
HCA7195884,5.5223636339339786,4.318094404998567,2.915890861002593
HCA7216462,5.492828264301883,4.2159461501579925,2.8198249467978767
HCA7222154,5.585821763660241,4.499747774135133,3.415213024058179
HCA7222457,5.55028143284292,4.11596938321327,3.1895441679192693
HCA7222558,5.473028534744525,4.251444099169166,2.7134064010433976
HCA7226566,5.483291236726591,3.941158350278119,1.7608037888014254
HCA7243263,5.454020547841233,3.978031891831789,1.978682385942012
HCA7245267,5.284898670092511,3.5916113641393044,2.267692176549057
HCA7247574,5.46926308128146,4.141878728870329,2.7203909350107645
HCA7251969,5.514129775068288,4.100413629143964,2.8231514180687727
HCA7253064,5.52387630365069,4.509527947167975,3.221101529773163
HCA7256070,5.412918263256951,4.110559352436491,2.8186962533156965
HCA7256575,5.563862233860172,4.039902846929472,2.28335731749896
HCA7257173,5.402829607939212,3.782962939210732,2.6474328543627563
HCA7257678,5.4984317478435445,4.194773237194122,2.6452750112254177
HCA7259480,5.572576635052079,3.883473470784039,2.8908955355021253
HCA7260869,5.497814856280843,4.19999434294255,2.421064945797554
HCA7264069,5.447351360655043,3.784153592146668,2.138561079477221
HCA7264574,5.473258526115653,3.474770427877513,2.647184362854822
HCA7268178,5.521037371229711,4.008913283704309,2.671135796282564
HCA7271369,5.447402102253086,3.940434396042722,2.246079159337639
HCA7281271,5.513472389436797,3.9543953952887767,1.9918011548305856
HCA7291981,5.36112545920308,4.024216744156232,2.753897136513059
HCA7296183,5.64089029438463,4.402025217553536,3.1408591778972936
HCA7301251,5.586370347710905,3.783616234173027,2.8536154415434845
HCA7307768,5.649864432692382,4.476883265318823,2.5407426423625825
HCA7317367,5.612341798422541,4.8901458028602,3.9901378871683306
HCA7319472,5.473731471659458,4.106206825509221,2.622784379357914
HCA7326166,5.433434473991866,4.435319943213892,3.3447321550471947
HCA7329374,5.514425792655773,3.78527451132463,2.775780332545652
HCA7348277,5.5358736631548,4.327248395324237,2.370131131111044
HCA7351165,5.597627548746735,4.336506735946518,2.9655379138028266
HCA7355173,5.645736094957322,4.068609820450736,3.227363755108514
HCA7372476,5.709473216771988,4.070433803938461,3.041863296231273
HCA7376686,5.591711939474649,4.327858875839162,2.733937001861274
HCA7378993,5.308134180264703,3.426441829605502,1.9743473365466608
HCA7385889,5.626399927055281,4.4670582051155225,3.490740416406295
HCA7388794,5.563596970272394,4.338302158764811,3.0286574515111
HCA7397391,5.477738640549432,4.207094765597351,2.535419540766482
HCA7406265,5.459809551783355,4.215710595025148,1.897079788977664
HCA7410559,5.559126810911033,4.093088729211561,2.131726736122764
HCA7415973,5.544931938887097,4.081587924271869,3.0012473827260524
HCA7434775,5.372579239737807,4.173582534963673,2.332235456623895
HCA7438480,5.644061002249928,3.564727572016681,2.867444354689643
HCA7440164,5.505316583944737,4.366055410334536,2.6731135804253974
HCA7447784,5.445156520917037,3.7389571031081896,2.3523545060582087
HCA7452272,5.533462648265221,4.371574321935359,3.4874386305810887
HCA7452575,5.568808543812093,4.006263263457689,2.528206789522803
HCA7453375,5.541469247153369,4.169042253702017,2.567437103909516
HCA7453981,5.507617616029385,4.218961249193789,2.8412227547238342
HCA7467588,5.379663289065806,3.458833085755888,2.3570337945658024
HCA7468388,5.533896805731578,4.103856558605494,2.9888688554214986
HCA7483182,5.488013301133437,3.924547807216897,1.6540546671572225
HCA7489497,5.600665713605948,4.230146446073655,2.6659483654532155
HCA7492486,5.498898889550491,3.94167925124676,2.6468252641598635
HCA7492688,5.564128638090923,4.2386093993829785,2.9850655444239758
HCA7492991,5.569106157793788,4.419930556725839,3.1883508357730608
HCA7495593,5.474350721637524,4.17290441546046,2.6256580649721646
HCA7497395,5.579739118620479,4.13354846993802,2.9660263918770005
HCA7502059,5.595249749131511,4.242690341801982,3.062721164616207
HCA7510058,5.588657814050212,3.978355748738402,3.303982980061761
HCA7512769,5.613153014063656,4.405790163835459,3.340598308898442
HCA7521366,5.183196138893576,3.032266664871456,0.9344924266112714
HCA7530670,5.595426653771615,4.609178985265494,3.2426886841438693
HCA7536884,5.6614646426203645,3.7928701681327737,2.896837259533499
HCA7541675,5.402561012166788,4.288638997237887,2.023887273654336
HCA7543578,5.450613237218819,4.153376016468917,2.7438933128916543
HCA7544883,5.580162416610668,4.45720331156257,3.1560457802705573
HCA7552478,5.524747587633743,4.241229837452732,2.537173471503156
HCA7553177,5.485649023988728,3.938210774961702,2.5044601115449203
HCA7567693,5.572000664012456,4.182069661758274,2.718312271932305
HCA7577595,5.575969478841372,4.236823962633353,3.049801313976392
HCA7581081,5.545638296875293,4.367777646622896,3.299098233287728
HCA7592086,5.379810800711777,4.035899742017298,2.394434577348474
HCA7604067,5.569714917418117,4.219583544563187,2.488026717595341
HCA7605978,5.64865796182615,4.358845558542988,3.2611739449352584
HCA7607477,5.5452251824369965,4.119485604756771,2.8727977527974384
HCA7611569,5.345892515982417,3.9132117558528,1.9745161358133547
HCA7620469,5.527273659771705,3.817482285960265,2.2376584387963105
HCA7625176,5.554423577778554,4.150138385147043,3.2383100387888413
HCA7627786,5.382887230060438,3.957533011497835,2.77304251870298
HCA7636686,5.5067607207724105,3.732192367769455,3.2438551988616195
HCA7643279,5.368112910089696,4.113327131788039,2.426131220246125
HCA7651278,5.516534538487145,4.1556369827502495,2.4101363184048648
HCA7655892,5.579443737461936,3.9511926676741216,2.7719202696366163
HCA7664792,5.1732380609935245,3.793492008018257,1.5649333042750102
HCA7667899,5.653637107021309,4.421718320164314,3.4558811369494418
HCA7670686,5.561620256991293,4.617419208838661,3.231219955771712
HCA7670888,5.51483572883047,4.01318543238712,3.0133629434060087
HCA7670989,5.364653234416155,4.093169840072823,2.207223531563257
HCA7673288,5.549489637776176,3.683987029803785,2.5367104279110886
HCA7686196,5.545468860362639,4.17674673263592,2.910298068935918
HCA7689304,5.526998452656204,3.987251335193932,2.5146446224999344
HCA7690187,5.587897117601619,4.36669582420982,3.00955563085818
HCA7690995,5.560688307094052,3.723905897936124,2.9864790480033765
HCA7698204,5.50806289042282,4.208101410341071,3.0723318155642967
HCA7700265,5.602178554555828,4.202993329652184,3.0048724799992907
HCA7701974,5.4075091198453,3.991858902399623,2.1711517827206084
HCA7703372,5.528321666903923,4.369458389126052,3.5111649172570027
HCA7705275,5.467966374426807,4.392441680486636,2.839536681947702
HCA7715581,5.492590842638156,4.360406629280252,2.745153235786013
HCA7716381,5.5455929952764125,4.480768194614747,3.195780816082847
HCA7716684,5.512700194078721,3.965513412701108,2.54403316399974
HCA7717484,5.567766635479365,4.047451148175542,2.154408839620876
HCA7745994,5.577728020721012,4.39078548883471,2.829711441488009
HCA7764594,5.592294781899481,4.474253462684113,3.4613643382650072
HCA7773393,5.547983999668533,4.156840398303369,3.2430092339739764
HCA7777200,5.44779927939541,3.486102212223673,1.8213536729262376
HCA7789611,5.545900233259705,3.6807866521411854,2.165417782152824
HCA7799311,5.374352176553198,3.544192770248528,2.1377736681819743
HCA7802172,5.527433840928277,4.159658989024386,2.811964365501349
HCA7807384,5.537199010433023,4.669567917419437,3.3509885153161894
HCA7825487,5.283580022304325,3.852194251608983,2.630267116734596
HCA7840988,5.611494776857289,3.923238962133923,2.8930810149717416
HCA7841485,5.634400164432276,4.54011464395527,3.306347126128221
HCA7879713,5.160378917221764,2.554737087298922,1.3581680157424434
HCA7881598,5.610194023973923,4.323845429631868,3.304844453302712
HCA7884605,5.45832022580024,4.235213973055492,2.5180202604488318
HCA7885102,5.518673078270432,4.22079253723531,2.84573792031385
HCA7888815,5.348577950303423,4.3263680632793,3.2467137046127426
HCA7898818,5.443209344076083,3.81383132271823,2.471336283447518
HCA7907287,5.631933266435782,4.732564307535854,3.5498720217805486
HCA7908188,5.453705935343288,4.323498389129962,2.1616326998948168
HCA7910680,5.50341155953629,4.699272737767108,3.584046588398773
HCA7913181,5.503607002906866,4.135067963885035,3.1854975671356307
HCA7917189,5.490972802432457,4.180909851592049,2.421811092945044
HCA7918393,5.529846117117888,4.014934412189171,2.484268061267604
HCA7919698,5.6644687941824845,4.393811833414553,4.0377140004861385
HCA7937701,5.593063309651521,3.9221883765629264,2.432813189926468
HCA7941388,5.631340736475455,4.647209054704311,4.074208047927496
HCA7950086,5.610220300247972,3.898740851843733,2.5058486791533827
HCA7956199,5.493724415604477,4.385099115792072,3.3669254602596226
HCA7962902,5.559756142412306,4.674819063307707,3.547005222383721
HCA7963196,5.44899049515267,4.392747420973808,3.221735327535772
HCA7964401,5.651411025227588,4.305928776147431,3.2965911714058613
HCA7974909,5.488599020991937,4.1678616265446,2.6165396897373867
HCA7980095,5.446802498151145,3.981330987000932,2.005194292611316
HCA7982706,5.629657626151417,4.483651970113672,3.257165317919037
HCA7985510,5.4976378508308015,3.378343516980701,2.3973652804242973
HCA7987312,5.4978715850481015,4.32996821360446,2.109134963366372
HCA7995311,5.54558844931353,3.5411112462781404,1.5507649960404903
HCA7996616,5.469793775496573,4.183740355695093,2.941087369667762
HCA7997113,5.541624050059982,3.978505014344793,3.136704159382916
HCA8000040,5.507251867501366,4.148840945525637,2.7665610345253
HCA8001042,5.535245669603459,4.139832140477307,3.016991438424768
HCA8033560,5.495005029194144,3.581181864883856,1.8166167132984796
HCA8034158,5.502936557498971,4.235426806130112,3.14639716784352
HCA8038772,5.37017486735001,4.494320516147488,2.313982502133898
HCA8040759,5.552643936745374,4.32646805284987,2.699746573916906
HCA8058374,5.674056001742917,4.567258756475544,3.7323396684678976
HCA8065270,5.403932334122604,3.7844061074149775,2.329928396570614
HCA8065472,5.34827203236332,3.90490351441608,2.2109098232815314
HCA8066676,5.578382585953476,4.329415843894766,2.83581600636664
HCA8072772,5.541548626593421,4.164891361421005,3.368981861740111
HCA8074170,5.520569759942993,3.75993745987919,2.588963877305094
HCA8089082,5.554877076451294,4.247802720291186,2.436670248917465
HCA8099186,5.530669435053189,4.221801299902203,2.9727243089368085
HCA8101450,5.543420816997674,3.918421919349089,2.930494838530333
HCA8103858,5.484387682959966,4.136300032242755,2.1492334856694346
HCA8121355,5.549279096948019,4.004249450007029,2.4219702336299043
HCA8123460,5.586704503629339,3.947004502090704,2.144064666974905
HCA8126971,5.6364329050442805,3.819774347584213,3.103667097956086
HCA8127165,5.389104925989168,4.219610744793606,2.9171003966384745
HCA8132057,5.411267948387027,3.946458882689374,3.107386156463883
HCA8133362,5.5883524895285,4.0657491285349,2.784463111751812
HCA8134667,5.530257585543183,3.6689671514517608,2.7535657082651435
HCA8141563,5.395880329307494,4.123915260640782,2.8354363052883134
HCA8142767,5.645524756770501,4.118716194058536,3.1070011498360226
HCA8151667,5.400716906651512,4.38371159836164,2.5709605056300617
HCA8154168,5.491207005284099,4.139897991809255,2.670180348997341
HCA8169484,5.371038348301278,3.62216020364437,2.1871473528651304
HCA8174679,5.171829362311041,4.406274724119326,2.763262310014857
HCA8191679,5.436381511954174,4.204306879634245,2.9030558710893755
HCA8192378,5.539453073116829,4.108097784289381,2.9534240515324344
HCA8206666,5.584626570871931,4.06531631205725,2.6829225000367383
HCA8209672,5.5559498807114425,4.255564482492175,2.9097802027241944
HCA8219877,5.556891834385971,4.421842849718295,3.179479914681979
HCA8232061,5.396060605164417,3.912122667546752,2.660472525876001
HCA8232869,5.547018498494355,3.8559975244807383,2.29316328192943
HCA8242973,5.46440984463166,4.016381901891439,2.476102698410282
HCA8244977,5.436513199430376,4.293658526280582,2.2107187097361654
HCA8245878,5.444872493829406,4.620053425613624,3.482555450765175
HCA8247074,5.614741537563699,4.204966000249979,3.110000738016765
HCA8249078,5.53498453997408,4.147959367512593,2.853897795196021
HCA8251368,5.524352159395044,4.251445122982825,2.8865809461697696
HCA8252471,5.450840619073809,3.996052999909674,2.4316476939775367
HCA8253978,5.674391853848962,4.344889601387777,3.849130123852884
HCA8267383,5.553786347897051,3.974260487825424,2.6789514605925704
HCA8271980,5.551317687618079,4.173332524427815,2.8589173675619
HCA8274279,5.5156358402594,4.003977717038217,2.5912389195939096
HCA8280274,5.572653726669575,3.9730606181340415,2.459318850002086
HCA8296592,5.5664239310057,4.3331835625964965,3.154840371628296
HCA8301357,5.564159130052268,3.834237213185234,2.810911539384916
HCA8301963,5.571358220864584,4.32498426817498,3.043033922746396
HCA8306569,5.572191957142652,4.229036205415311,3.0664504846280103
HCA8307773,5.542505574696633,4.008910386534117,2.618563528728113
HCA8321565,5.649171269611536,3.958474548483896,2.9428464161729564
HCA8322264,5.493022388348559,4.504528231882328,3.5015890720831497
HCA8324975,5.537082559812187,4.291949697096566,2.711635953502382
HCA8330061,5.409759428737776,4.077045911546195,2.345714763572848
HCA8335778,5.536371252165195,4.648516386878335,3.2310054782856907
HCA8341268,5.423933976052898,3.892778466669657,2.376946498380708
HCA8345882,5.478255588281909,3.908530185524821,2.2061908714601093
HCA8350976,5.490340050022047,4.385683147242898,3.0320513106458
HCA8351574,5.584874844307361,3.85499753781961,2.364836554933537
HCA8358285,5.547040602147993,4.006905197190652,3.3917683707623567
HCA8358689,5.477355909383469,3.701944408520298,2.6329730817659085
HCA8361577,5.475153736733694,4.417354186784628,2.4114686123975093
HCA8363278,5.285823071450566,4.004754732166872,2.658230748299989
HCA8368490,5.441957735726015,4.286132696534787,2.709244824559705
HCA8369896,5.465871017937428,3.91375207734686,3.164983619781076
HCA8376287,5.638672374266617,4.239209382892502,3.2789144970872197
HCA8378594,5.5537205627493424,4.252372588335506,3.4440746323080837
HCA8391586,5.558188899008566,4.178375671810169,3.1172134270625067
HCA8405975,5.455209808558835,3.919837504542782,2.483027694872514
HCA8421569,5.611146612545326,4.3626051906672165,3.1770473566246897
HCA8434376,5.61415548061585,4.033377299834829,2.3496510649384863
HCA8435176,5.4855355679926685,4.2119094584714265,2.500222276136477
HCA8435277,5.565612467448927,4.251248243543954,2.671384047002715
HCA8441777,5.536405273998287,4.615499890669258,3.562842712851765
HCA8446383,5.46735778757572,4.152915203518068,2.718756528467208
HCA8449490,5.591260411206628,4.291605389669991,3.3272408161808253
HCA8451275,5.415203774546368,4.296717261236614,2.732013246710125
HCA8456386,5.522688465773848,4.185463203808223,3.2502900890496784
HCA8456790,5.506644324943204,3.8111888525876303,2.0114208156827367
HCA8463787,5.526167169178633,4.100268317219398,2.1768875366393265
HCA8465387,5.527663816155057,4.196476713415979,2.2934095872264435
HCA8476190,5.535335409112713,4.235300840897902,2.920327935398129
HCA8480282,5.444797850657126,4.054388677264198,2.592943102041587
HCA8481789,5.59418952714163,4.171562688377697,2.851858927561885
HCA8488197,5.516859273039867,4.245804285961542,3.0845542261564938
HCA8491893,5.491076248429682,3.99702103992896,2.5415488575930607
HCA8494899,5.355774878380806,3.530771863134757,2.339607220633339
HCA8502165,5.533154670353444,4.180320973707167,2.88653157011586
HCA8502872,5.3950073033758175,3.482994353653948,1.289710874134924
HCA8503167,5.584523802535685,4.647622565952229,3.3240073593493227
HCA8509785,5.572723799928031,4.334796545373554,2.998305096698813
HCA8511671,5.62292325416219,4.48653258787437,3.4413243908430173
HCA8514374,5.411698400747158,4.3695294351477765,2.4524501332874067
HCA8515578,5.496650396997238,3.709722294241412,2.157316293257352
HCA8517582,5.552693036833127,4.416674711944697,3.4809536036592954
HCA8529892,5.465291268100082,4.294960494822071,3.139307662877558
HCA8532174,5.4617564027169125,4.126087092031018,2.908654351451593
HCA8536081,5.645306872745435,4.441664677914279,3.019057455549786
HCA8537992,5.592609054201112,4.194810465647647,3.1417169797729168
HCA8553485,5.360003615772185,3.5869711248131035,1.8183796968946544
HCA8557796,5.621124251728544,4.332257269448691,3.5449843714790843
HCA8578704,5.51678671855087,3.9941384156255135,2.481237609106808
HCA8580387,5.448386433478726,3.532789579174053,2.499234475060038
HCA8580690,5.534912092359747,3.7975611072619593,2.1013946982293112
HCA8587705,5.459882478249736,3.9760046299862415,2.018999168314151
HCA8591796,5.658230682743417,3.948998996541551,2.269938860169459
HCA8596099,5.47823539301369,4.178950210271368,2.746894482840484
HCA8596403,5.534246178551199,4.542137564148812,3.2636378207926486
HCA8597405,5.59245862453714,4.2319043232963445,3.262341398185173
HCA8597708,5.572031545741888,4.172167259540848,3.4025890196390627
HCA8605680,5.5787631855050055,4.254673771885123,3.019627551100759
HCA8620979,5.522093404848518,3.903373317270772,2.228439407648235
HCA8623581,5.5907825665957285,4.283910605394941,3.766242147082748
HCA8626082,5.579794390073028,4.752159207528729,3.6966264882751942
HCA8657295,5.523448661084282,4.148491163809019,3.1236133187003627
HCA8657598,5.62201853791271,4.240461600953871,3.3821152620679755
HCA8672190,5.559212477278213,4.294727950430911,2.595170617416202
HCA8674902,5.414855097534448,4.126876824941393,2.59326311151351
HCA8697005,5.52461220321563,3.833406979398757,2.611020431808257
HCA8699817,5.495695727547762,4.485222262753664,3.145858316383016
HCA8702577,5.451131376528648,4.2941960441152425,2.672347256538436
HCA8705381,5.390454204985376,3.737942424290938,1.8701006254410903
HCA8711477,5.523112627872857,4.243152417800477,3.091524610290166
HCA8712883,5.535513192758407,4.082448168873286,2.740942760861142
HCA8720983,5.481041664080587,3.782569195059562,2.6296354161509337
HCA8724991,5.569939693964824,3.650896469665557,2.535005638768093
HCA8738699,5.44533133620986,4.263292589975404,2.7040746149062134
HCA8740989,5.341003185730971,4.193724872677972,2.619426078288951
HCA8743187,5.283827533783872,4.191228307495175,2.533665749906317
HCA8748197,5.541338266127164,4.2091765438187165,3.068590626569004
HCA8748298,5.446764856218438,4.1183677777272365,2.246303362373998
HCA8749907,5.498319661641429,4.197954803231667,2.515770877661399
HCA8751792,5.516553799963545,4.359082403702224,2.931934691228739
HCA8793607,5.449336356729611,3.96989159388739,2.1676892652803343
HCA8794407,5.440086873243368,4.238271585717427,2.541895181330917
HCA8794912,5.515119545152564,4.603135302384727,3.0452956238641877
HCA8795813,5.297554950354133,3.9829766557772057,2.419486688319404
HCA8796916,5.60511360327125,4.216222341713408,2.944507656176293
HCA8797211,5.520696183490176,4.35322034378606,2.9312437223506382
HCA8800274,5.5386127827409215,4.250458567767176,3.159198133334317
HCA8825997,5.537431268212893,4.543220539582905,3.21909283326328
HCA8826090,5.572471724257496,4.401381500128209,2.8663442646014805
HCA8829905,5.422312142791069,4.186632138624514,2.9316903252758006
HCA8846400,5.52805750837567,3.814005246635596,2.40599616890758
HCA8854398,5.367390612567548,4.44493371258918,2.49837912158997
HCA8858710,5.51844330886498,4.14659374257558,2.077352551351521
HCA8858912,5.541565353467895,4.161083596423552,3.2390048677291814
HCA8866406,5.556799372608493,4.376236898067129,3.1846214890925686
HCA8867004,5.464160995766568,4.365652837147243,3.6741121140374
HCA8867610,5.542778819786154,3.88556739514601,3.1715003631733287
HCA8868915,5.60633058103634,4.290835600074913,3.0038388702764887
HCA8869513,5.450394798117679,4.071933916806128,2.6329628513465453
HCA8873908,5.586168783996772,4.177637839032065,2.60378075173936
HCA8883911,5.596121771983182,4.368789449487839,3.2400649126460364
HCA8904185,5.573338533661272,4.2196900548743,2.6633485171193136
HCA8913388,5.595337667482913,4.128915783418289,3.352472951677812
HCA8913489,5.460761832881595,4.110586263620756,2.6439377407062814
HCA8923391,5.585890825126664,3.752726604420325,2.8385074567841446
HCA8927501,5.401089319234003,4.145486975671141,2.6852131394578698
HCA8934497,5.528015831464227,3.7790994704907903,2.533033005421526
HCA8947709,5.503373961945893,4.33005788119548,3.1463147590076894
HCA8953805,5.568117321807743,4.130926677187074,2.932940670519467
HCA8959211,5.545061371163973,4.376916146350158,3.371836669687564
HCA8961399,5.53823722616801,4.028473058359416,2.53181965024402
HCA8961400,5.312166314135663,4.04875872206698,2.7448922147429937
HCA8980404,5.604786968593258,4.398881646475131,3.180817781109841
HCA8983208,5.590060588971943,3.783751295243502,2.293544557085309
HCA8985212,5.609570821479801,4.493062101422089,3.242805489181939
HCA9007968,5.434793240829014,4.0756767997249925,2.188777210380195
HCA9022762,5.550348558121645,4.242431558556304,2.796899164978735
HCA9023865,5.421371966118073,4.052585112955137,2.3378852468471987
HCA9033868,5.678342230699724,3.993064471106272,2.950907684369924
HCA9037876,5.577824098255174,3.845224273047168,2.5530072905518963
HCA9043770,5.642242213772851,4.09139915616603,3.174632411255089
HCA9044570,5.567295588076052,3.8638462707530072,2.677161158623875
HCA9058682,5.640368677787337,4.109971678544716,2.840491502499144
HCA9061974,5.263195858343648,3.891261225161862,2.3332201811672992
HCA9067178,5.508768320533238,4.262178083509262,3.073428618818893
HCA9085685,5.39288600133654,3.4716454145612805,1.7746199768491668
HCA9086283,5.615614709527423,4.222183598833719,2.742770543644587
HCA9086990,5.500399429906876,3.816491578887388,2.682557498315404
HCA9088388,5.328666485378456,3.5611843637891614,1.3579826972567004
HCA9088691,5.38873897070556,3.8454613297024864,2.782167231719544
HCA9090779,5.605277327284563,4.3427523863314805,2.898552249096188
HCA9094484,5.470561220666422,4.421091963272037,2.848453052243437
HCA9095284,5.630526189200182,4.126085204887412,3.044831817978784
HCA9096690,5.341324031979805,3.792701093889756,2.5715554064399173
HCA9099999,5.569389289746462,4.01638778724078,3.2053584194007048
HCA9121158,5.441929199695221,3.879077110341609,2.153601813403281
HCA9124366,5.476953510226904,4.0327870159897286,2.445256832697932
HCA9126269,5.44998957724452,4.469674600867393,3.1842102754463526
HCA9156783,5.6087994157654375,4.40617181344413,3.4546008685550675
HCA9157179,5.663983493975149,4.3708059519447415,3.516240372799501
HCA9160370,5.47875885746593,4.197517851579493,2.950850479350771
HCA9161877,5.611865156060378,4.624753165641531,3.543013634730688
HCA9166786,5.351866105923346,3.959507032498917,2.0817728832005917
HCA9170373,5.560613132151663,4.203644689182146,2.6080566525914017
HCA9170474,5.47198795327038,4.28183679137299,3.0235857231272227
HCA9178894,5.612064749101361,3.796323803281001,3.01866105193477
HCA9179997,5.533923206457458,4.431193950156417,3.098522576154324
HCA9187693,5.502762957490405,3.960192476788341,2.208951775435964
HCA9194084,5.513541233106906,4.312950723269738,2.5970953451168644
HCA9196088,5.55200456840491,4.404730477753931,2.904973339677401
HCA9198092,5.604312068793686,4.198619171318132,2.8038680088041765
HCA9202057,5.642141287878564,4.0096930511762405,2.823967890935973
HCA9202360,5.593763836561517,3.960978986237957,2.652747285455099
HCA9217575,5.456650802068165,3.582139382224063,2.5787385090773056
HCA9231670,5.660827037721024,3.911601186889299,2.7734459967007585
HCA9234979,5.504345081493224,4.405695351441939,3.131265927839468
HCA9239484,5.571912703902739,3.856150384338762,2.728357314791509
HCA9247483,5.448818514886371,4.115596793625126,2.829777778779872
HCA9256181,5.56074445433019,4.437187401238147,3.0118332547837703
HCA9260071,5.511253879360591,4.009325306691163,2.079850305773926
HCA9266285,5.669386792533183,4.620388794351899,3.4706032074533426
HCA9286392,5.590890330897606,4.015667231186745,2.872149849143651
HCA9300057,5.533279388192132,3.8427760142347145,2.3735845955241937
HCA9301564,5.574154243156116,4.318784075242713,2.8227491150768422
HCA9304772,5.48088144178907,4.127215990569205,3.016853305121104
HCA9319280,5.610629846336861,4.60329990235769,3.303056272170175
HCA9319684,5.521690819193078,4.19109912058686,1.9456338751993727
HCA9323978,5.419291427910528,4.466523458406848,3.121033452561417
HCA9329081,5.539026269237361,4.086767363844422,2.8511713597927963
HCA9329687,5.414231789958575,3.8411363034785455,2.387368891146934
HCA9339892,5.34549224876182,4.143979578650871,2.823109165213154
HCA9341879,5.513952616983705,3.981670320989714,2.876553469760612
HCA9342578,5.547294555947223,3.7463753306579934,2.1983329985359177
HCA9352783,5.596014419117977,4.326832751326155,3.4506807851211128
HCA9366895,5.466115237069069,4.232136585562031,3.110637325025532
HCA9369902,5.466181507586502,3.956040197410177,2.598315410916946
HCA9372789,5.415482047225369,4.4362368985164,2.8992489018980363
HCA9373589,5.720524710862779,3.778690495087864,3.4636554709756138
HCA9377597,5.610256522877106,4.5360080421329645,3.3446771190433973
HCA9384089,5.479100061146939,3.980152442021833,2.865031873046461
HCA9386902,5.600850184696955,4.211892778674702,3.2147499130984687
HCA9389605,5.490162430177035,4.339242776763837,2.563001183918274
HCA9392997,5.370946202676269,4.277054437060488,3.17896027263431
HCA9407681,5.643727999391632,4.437238163413284,3.611052628177657
HCA9409786,5.465230504174567,4.158642134229527,2.043254571663632
HCA9414375,5.619240176991705,4.362367951123921,2.957630618883649
HCA9435080,5.537826230138085,4.026948484644725,2.9258847436018693
HCA9436688,5.505447784920274,4.1757137267605415,1.6025004137334804
HCA9438086,5.599347761149198,4.4314101712192135,3.4489894240239183
HCA9443079,5.464369603137991,4.2616652614481625,2.632128365305364
HCA9449900,5.597524443793707,4.230843059395579,2.808214011368102
HCA9452181,5.569907427390016,4.1619765686938255,3.008987894889008
HCA9455288,5.48985801763787,4.193625551247988,2.577552119337137
HCA9460079,5.622185200011867,4.715459189509039,3.407743768885604
HCA9461182,5.571274678924474,4.55111887684165,3.365213929530339
HCA9464996,5.571238343556562,4.228554303442621,2.946999421398939
HCA9469906,5.400161651833299,4.217798072385772,3.071696732550853
HCA9478098,5.479705577404879,4.477813663228165,3.381003014592836
HCA9481693,5.321704527952595,4.28917585890259,2.8911580541710173
HCA9481794,5.4919125726119296,4.122284102337362,2.515734872686135
HCA9492496,5.488619893962256,3.4573844150405484,1.70744232439101
HCA9496707,5.294145247962668,3.662606787099495,2.0163576272429644
HCA9498307,5.484651461694432,4.036104411325702,2.312677465038307
HCA9503576,5.432900576939767,4.073394979761904,2.8523091335670703
HCA9510169,5.536504498155538,3.982820339178784,2.1188485718475447
HCA9512173,5.50790809875858,4.1982516479142,1.8056157516376607
HCA9515684,5.543109752263579,4.388739797687606,3.3446931971762823
HCA9521073,5.587577037527715,4.665732330773499,3.4773974266082104
HCA9521679,5.597084344925883,4.495036527721374,3.2676585425511773
HCA9539800,5.611072700677314,4.539600191671258,3.436934606086675
HCA9546089,5.349711686668065,3.376604456251236,2.08578964113764
HCA9546594,5.597156285470776,4.612399343296946,3.183678931481529
HCA9548396,5.482333079181414,4.494085891854726,3.46157171373619
HCA9549297,5.423368440151928,4.173328463260409,2.571154465396273
HCA9551486,5.635987135226953,4.348230251517991,2.496597954142972
HCA9551991,5.498551256100692,4.135717517381808,2.6448116112820035
HCA9554088,5.4350311650756025,4.165961323070014,2.735408568969428
HCA9556193,5.617832815556385,4.361424654962422,3.419503715616294
HCA9559806,5.498319634301365,4.013585523785546,2.209874945816361
HCA9572797,5.503822871301297,3.9440973074295576,3.061447323618151
HCA9573597,5.073818871252702,3.18803259475348,1.494366336544371
HCA9575298,5.584046735637009,4.026166405016327,3.1987989737882447
HCA9578406,5.509828492497135,4.071018427727387,2.5348937196269623
HCA9589310,5.591894256741304,4.513934865517531,3.2517459254160745
HCA9589815,5.605383112545726,4.538922245718768,3.320857481163211
HCA9594606,5.635183735145614,4.761072807664736,3.767317966295842
HCA9599212,5.548141499050885,4.413048959363831,2.467506625846949
HCA9601374,5.597533147271504,3.545732830557772,2.3787400739667777
HCA9603681,5.563408464525349,3.8251060165202,2.8780656681492114
HCA9614484,5.585889384287445,4.579065302893358,3.3285460230291104
HCA9617793,5.519891631788775,4.151233742178982,2.7390335542168835
HCA9620075,5.738540357973396,4.482357056293199,3.740371518975011
HCA9626693,5.670314212722244,4.189157612193197,3.4493381954883304
HCA9628697,5.452265769759616,3.933757995628561,2.7694054298833244
HCA9640889,5.427311460180397,4.185163153529497,2.5834731995606663
HCA9641386,5.507600467156776,4.570878351955933,3.1406772493190185
HCA9646699,5.63073447575457,4.0736000088833,2.0504740260675467
HCA9650993,5.411202902276397,3.600892375562636,2.510927481579245
HCA9662495,5.523070226047186,4.160174473982734,2.906004913528345
HCA9677509,5.522016700885331,4.203355858377149,3.149953041150696
HCA9679715,5.479810929666201,3.6567554260520456,2.3651371513776063
HCA9686611,5.665720074250777,4.390281720705273,3.173156801589182
HCA9688312,5.465109202463297,4.286239383292286,2.7856701880979458
HCA9703079,5.557778883820408,4.474177565552158,3.2148390998576666
HCA9707289,5.5268943130773645,4.438304693008324,2.8986628465571385
HCA9708190,5.547467592408783,4.416323835566676,3.0403562664632044
HCA9715187,5.572781614662561,4.181197326825588,2.8185039532069807
HCA9716088,5.413104388807918,4.23930466862322,2.8633439665787246
HCA9717999,5.480780974277249,3.950982952669965,2.739928763397154
HCA9734999,5.516873871162985,4.4270243355994365,2.824167937366875
HCA9735294,5.528559247246471,4.353336939808077,3.0005234246970693
HCA9739808,5.489481988535485,4.4716783830153775,3.125985128454783
HCA9743900,5.603577757795984,4.062132411683034,2.5321962363984007
HCA9744194,5.52745291991099,4.336037989786766,2.897496915311044
HCA9745500,5.395258796388108,4.205354328411577,2.395620181990559
HCA9750290,5.271988504689395,3.673674179439395,2.119601130031004
HCA9753094,5.344987371037896,3.898486916404951,2.7873576855284603
HCA9760091,5.492232553318342,4.38567122279023,3.118669073209241
HCA9761497,5.616768853553304,4.460237599779134,3.4446787852537715
HCA9761801,5.5245806884021,4.336178543752581,2.956753212083756
HCA9766912,5.66447944727992,3.973484103925968,2.8213790928727014
HCA9769211,5.611409783923293,4.516639462900577,3.67447714546422
HCA9771703,5.344400421173917,3.6581098155004304,1.2649830789331786
HCA9787415,5.619180157018119,4.109552267428676,2.850390946411137
HCA9800885,5.187547888514063,4.426891024081509,2.860487964799033
HCA9815595,5.527098428287504,4.130730182951496,2.749525762903201
HCA9845403,5.28310009088149,4.042707071984724,2.764167122197689
HCA9865005,5.601478752791279,4.252669384974586,2.6902472471758454
HCA9866310,5.475035307082317,4.222954081792548,2.8263721355398626
HCA9868920,5.576933319963522,4.316213051885633,2.961413878582938
HCA9880001,5.481918833520082,4.436137442702055,3.5035661484398912
HCA9880405,5.442767143237298,4.069691163842866,2.789987148609362
HCA9882308,5.556439038423184,3.651656572457981,3.1256702579924243
HCA9894012,5.43001787276267,4.184291891800684,2.762529487517796
HCA9894315,5.597608568821744,4.272350123987004,1.968437685796866
HCA9896218,5.6248563529361055,4.33298998326568,2.7217772459033927
HCA9908906,5.570331084453847,4.429417696073307,3.1709468045796543
HCA9912391,5.532646846214956,4.392213963245625,3.3580969851565445
HCA9912492,5.607719631084898,3.829258173645518,2.2101578166313245
HCA9913090,5.457530999566143,4.163199868715622,2.550066497620324
HCA9914193,5.52191829858734,4.267070064086293,3.116306076555046
HCA9922091,5.618458528944245,4.581154510679348,3.435757281506275
HCA9926201,5.585710736579356,3.378911508757421,1.5197465634075198
HCA9938309,5.56624718822989,3.4727540216741684,2.348012438724753
HCA9938814,5.439424637800343,4.021784997004252,2.726728488955134
HCA9943504,5.543373575684132,4.061342355377527,2.986321514186421
HCA9947411,5.484487523797485,4.433142790709361,3.1848088537009334
HCA9953406,5.484941074872987,4.232594503384884,3.040405463167458
HCA9956008,5.549547555848953,4.148535626805408,2.004937914599019
HCA9986825,5.489097125647977,4.416816110298115,3.1132059745968053
HCA9992517,5.580558342925668,4.391139846793081,2.614196255437392
