HCA6002236,4.956242774209894,3.315683281210019,1.898465734126967
HCA6010538,5.0160328995861665,3.7702594075504123,1.820668279303961
HCA6018857,4.984795411443948,3.4052027006002086,2.0558887760522144
HCA6030645,4.881931747471567,3.4460130727267826,2.550072159629033
HCA6047359,5.082609472608107,3.7185711238798085,2.3164464822098765
HCA6051047,5.024815688997612,3.6124297865661923,2.283062673843758
HCA6053758,4.8197812447319155,4.194536651203593,2.874349146064397
HCA6054457,4.942976228979155,3.7876403985230254,2.375637431106473
HCA6058970,5.119525196619296,4.087366308893205,2.860902188144206
HCA6061757,4.946620205310512,3.6472059532064156,2.277633414115449
HCA6062456,5.004117784903778,3.979580647131382,2.531819837455724
HCA6075263,4.977908553741849,3.3793636882202938,2.136724434348176
HCA6086369,4.987673511374675,3.8577557163818303,2.6617395352142275
HCA6086470,4.9504310147203965,3.6108996630429306,2.487210403875572
HCA6086975,5.159092651461172,3.9411752097147934,2.8328812588930345
HCA6089375,5.059293677089844,3.7289595467404686,1.977243903480158
HCA6091766,4.9655580984649665,3.8640854900501322,2.8306145976747925
HCA6095572,4.995715685578072,3.3949707465103405,2.228933719503085
HCA6098073,5.13939775410474,4.199048066619964,2.958679752930194
HCA6102038,4.7105955850373595,3.6945267332113048,1.9841125877255121
HCA6108050,4.992874043816812,3.5549249189969325,2.8932674276119505
HCA6108151,4.9835989774816,3.358914239498998,1.9738815477692249
HCA6109658,4.986793560215025,3.4217400016450386,2.7492788744274548
HCA6110138,4.754324485660418,3.4675118014693176,1.943186748296342
HCA6111241,5.0426170610925425,3.6988136120961967,2.9845442975388394
HCA6117051,5.013408551705203,3.708415334091655,2.4767361836118043
HCA6119257,4.924875262221982,3.833025637448887,1.9487513575057094
HCA6120646,4.799082206955291,3.251100374594163,1.7230668150184985
HCA6125050,4.833011761215913,3.650672211432193,2.410764086304471
HCA6130548,4.9855217459597405,3.9381365143243126,1.9166654166246533
HCA6131449,5.07954719952871,3.8917599502948113,2.998329150984964
HCA6139970,4.961062659206854,3.9613154873114955,3.1011053202751486
HCA6143557,4.95614340926032,3.5581902512269297,2.147195346262262
HCA6144357,5.173253120705478,3.673437525890964,3.112415671066261
HCA6144862,4.95033828601847,3.705886454381867,1.8979875796687464
HCA6162662,5.00143546379002,3.92842364770491,2.8216712867919513
HCA6165971,4.936765959214571,3.4282283999177507,2.491559669181849
HCA6166973,5.00675376093657,3.966208204056663,2.622549236024759
HCA6176471,4.857809111607652,3.6736171970167444,1.9809622007036105
HCA6183064,4.957735786092467,3.613317390756332,1.7882771343338981
HCA6197580,4.970974610037755,3.0180888963195374,1.094476535607157
HCA6198582,4.8029970232654335,3.4336254944088838,2.216813498977343
HCA6214958,4.742033914006472,3.425772615277803,2.1219444764868003
HCA6223050,4.929073478176556,3.606730478602717,2.1137912471120335
HCA6234964,4.885961838120009,3.8691695406188735,2.516157986592564
HCA6242054,4.950257624941978,3.640331447780602,2.407332698654946
HCA6249977,4.945196820463296,3.4493744914167745,2.187460637874561
HCA6253867,4.872698492523761,3.4735059277232976,2.103326427974217
HCA6269377,4.619936845438795,3.6056926178807327,2.1822719332711933
HCA6276475,4.856336599453495,3.6791890198251345,2.585366820430898
HCA6280668,4.913374632910173,3.8331921499249173,2.757647175793797
HCA6283371,4.988804389414232,3.2541648487793795,1.8655104368527735
HCA6285274,4.958854329505067,2.998676313150993,2.4436375594137276
HCA6287177,5.057319721588997,3.860489964263528,3.2836061637685203
HCA6290368,4.819129025390999,3.847929467841712,2.384498430984779
HCA6291976,5.004866962981834,3.7801316773698357,2.445566472601238
HCA6295782,4.77695183076821,3.644432353717395,2.37860107973179
HCA6301751,4.868852446635927,3.5421195635226748,2.4473737194468574
HCA6302349,4.973499903775419,3.8193354898107414,2.417566291652838
HCA6307056,4.848431087788591,3.14309483503139,1.7208531466472727
HCA6312352,4.867865432852556,3.7038563495594667,2.396634744666792
HCA6317665,5.036640878905135,3.8993613547817056,2.204037970993966
HCA6318465,4.891183263447437,3.1342420275801115,1.8868903808927344
HCA6320048,5.017460268982112,4.062925555141133,2.8865063299249796
HCA6326767,4.969854043442525,3.846786295332903,2.9942201690730577
HCA6333158,4.8937032995239305,3.4427929074172514,1.5512197449440202
HCA6337974,4.900810468986188,3.589867326310146,2.5133332631258845
HCA6363167,5.043015845916777,3.554524112887618,2.2937624332501154
HCA6372875,5.070339598136351,3.688274244608121,2.979421692873397
HCA6374576,4.967983675603397,3.735279093668802,2.36203447865223
HCA6375275,4.983440030810664,3.552596764807891,1.8405109274084546
HCA6388082,5.0312039474736245,3.8253482078645615,3.1380542197552987
HCA6400450,4.9284847591712335,3.8514675971418253,3.0644344849597993
HCA6405157,4.915965478148959,3.2234678080583525,1.6511420846039164
HCA6409165,4.950706797992643,4.140812772746952,3.264787169488858
HCA6421963,4.75770903343528,3.135771243413235,2.2038934133922776
HCA6427066,5.07969443457847,3.9561247885692388,3.3101144896252808
HCA6429272,4.908494343776224,3.712748469182083,2.450034209060025
HCA6436774,4.884783989555426,3.561302836520102,2.436375233324353
HCA6439780,4.886025128131504,3.5732628509496993,2.5383937716042975
HCA6451366,4.862354503531953,3.7437613639745333,1.778194040610371
HCA6459584,4.851740672059006,3.2122286279104153,2.122006536043994
HCA6461066,5.080546104226261,3.418646246998781,2.536117728583906
HCA6464678,4.89077573244291,3.6834349572373672,2.2486975082061855
HCA6465175,4.9151180981404,3.941905566938878,2.843208257342078
HCA6467179,4.795458659486691,3.901717296612165,1.5061189545597196
HCA6470673,4.962497613133449,3.363052231439095,2.481459635248334
HCA6471675,4.90729069101669,3.818443487130744,2.257651079226269
HCA6474782,4.769196148066787,3.1893848491081016,2.380922176159792
HCA6475986,4.974738604943228,3.609654519979596,2.606368535494447
HCA6476584,5.021921266900639,3.7461630416562475,2.105477981279324
HCA6498190,5.028010412091201,3.6527482327786345,2.5221138131973158
HCA6515366,4.9909103473036085,3.403629936838883,3.0003355372009275
HCA6521664,5.009482586684237,3.3291855650896336,2.2716765670582952
HCA6529680,5.0684773186099905,3.6813085125471945,2.522945862618179
HCA6531667,4.9246737261462785,3.8526011279831374,2.1043127475773096
HCA6532972,4.937854948919709,3.509774172893531,1.9689960026079512
HCA6539885,4.928799509856508,3.638808947084274,2.538892779534416
HCA6542470,4.955553716836762,3.8391778595114525,2.073659396676749
HCA6552069,4.772268459745348,3.9076759217948616,1.4562841900191112
HCA6559184,4.724951839069792,3.2228514043162706,1.3324361489492316
HCA6559487,4.988638865709262,3.3822732617156235,2.000549200819691
HCA6562577,4.977851129932765,3.725947098733,2.4097910460267578
HCA6566888,5.079868383394604,3.472328171531625,2.5144445637491235
HCA6570677,4.8925693167034225,3.5120014446439045,1.7658244671597367
HCA6574685,4.971422836361966,3.6537573880240277,2.1303124965426385
HCA6576487,4.877640117669994,3.543820587936644,2.1420593121786147
HCA6576689,4.946315359537159,3.9059421501173968,2.7886714402132675
HCA6582684,4.868674920618031,3.7293039067528313,2.138597006530617
HCA6583484,5.03640310902195,3.772456687272226,2.8896704714974963
HCA6585084,4.695001959797554,3.7557989519840507,1.9922807933565678
HCA6589294,4.835629898163027,4.137726121603993,2.7750959546395735
HCA6595188,4.819147677046745,3.4567046521093654,2.081256146547743
HCA6595794,4.826793417576062,3.0959645652855055,1.8273379368414704
HCA6597293,4.94676213913328,3.823607713951035,2.8417072535996706
HCA6599803,5.000238922494061,3.8908359867736877,2.623846589193627
HCA6604264,4.9063722552556674,3.842088654757362,2.2573585488274404
HCA6605569,4.948595198251851,3.400283064971657,1.699871371998897
HCA6606571,4.907591658449932,3.5788870367273318,1.795663423361187
HCA6618679,4.932308283762086,3.7071632642809336,2.8142542850896985
HCA6623874,4.988226682346831,3.4576090271319395,1.9510413469679755
HCA6626779,4.715222109131964,2.727750701483059,1.9506334475577132
HCA6627377,4.912059436400281,4.072581471910338,2.518722419215358
HCA6631671,5.044934354934449,3.0864972078742707,2.078413129958346
HCA6633069,4.933347052765539,3.392646577631093,2.225685483225698
HCA6635679,5.012700832079068,3.8565401009215976,2.636763425538248
HCA6640672,5.076699020367719,3.8221230921313154,2.6372136738589336
HCA6645985,4.79112724325316,3.5462721244380093,2.2443428206197327
HCA6649993,5.00042496661544,3.8580792902399668,2.7890728759859313
HCA6653277,4.977031832956538,2.8769686714860008,1.8810039282293896
HCA6658994,4.959754768864925,3.6344165645082214,2.331244390994942
HCA6660880,4.971238966771914,3.7483694490409603,2.850739270204232
HCA6668391,4.958767953172135,3.5103499591181944,2.794550136976902
HCA6670479,4.871516567691459,3.840307263002217,2.801738805677112
HCA6671178,4.975096043131501,3.7265354358639033,2.366003803889084
HCA6671380,5.06202883108373,3.7452777651254796,2.300945977880232
HCA6674588,5.057855527673605,3.178541700650259,1.931992261354303
HCA6678495,4.712925214335199,3.4058176997775718,1.8795154523121484
HCA6680987,4.967491928884097,3.391956746414106,2.0243865963060426
HCA6682688,4.929863930531559,3.7671478037048316,1.8463563573728534
HCA6685492,4.987263900394723,3.564250283882884,2.576301129390488
HCA6686191,5.009109084814199,3.58072499944818,2.795324715650609
HCA6691992,5.032224818436198,3.03950263265532,2.7563216888597912
HCA6700664,4.939881299433177,3.8332780378645714,2.7492003990710896
HCA6706373,4.998888300849515,3.9626733210224145,2.527937905895199
HCA6725377,4.93507277780368,3.8824786084843272,2.0896420844604364
HCA6731574,5.056941030598038,3.8131686161773186,3.1838077243808596
HCA6732374,4.871505340584683,3.6164519391593637,2.3000429508251257
HCA6741173,4.929608397678641,4.007716968420067,2.7684079689008567
HCA6742377,4.779155099413768,3.1003951695934364,1.4635895785734563
HCA6746284,4.8809889106192506,3.5882878043683415,2.602238827422814
HCA6749088,4.646086098433252,3.575051329944724,1.9302925564063815
HCA6750477,4.850540071870971,4.1135695169084565,2.730491779635183
HCA6752784,5.009567942861903,3.723060296705685,2.683197969867555
HCA6753079,4.972859592349451,3.7330338944480657,2.6173990772750617
HCA6756287,4.914649532519041,3.9031239726330416,2.5077752885823803
HCA6757390,4.914269427208608,3.558910803969921,2.2559576195684197
HCA6763486,4.946872327285148,3.572110898793034,2.409314881171297
HCA6766290,4.787222371685643,3.570481160241727,2.124838381578717
HCA6771081,5.079822199735928,3.7054651931022207,2.6198555018035066
HCA6773691,4.805499074064876,3.689777425378445,2.2929024908394635
HCA6776798,4.848656558715991,3.665937648709741,2.3610889355161437
HCA6780082,4.89094890718266,3.3388374422550173,2.374444648964842
HCA6785193,4.984933572695942,3.7287984167732886,2.1099226856251407
HCA6787399,4.371208822284344,2.8328011232700088,2.1666177057688847
HCA6788199,4.857097634801594,3.675758109079053,2.4084749707752096
HCA6791794,4.897762943368764,3.769315811057371,2.6128405138005113
HCA6792190,4.97234362311059,3.5761300199931285,2.004573507979648
HCA6818889,4.917711280324006,3.929249461568642,2.903676482815013
HCA6819689,4.907477913375733,3.8011299037505535,2.4108980325584954
HCA6820674,4.989784823644978,4.032753907243459,2.719958470047268
HCA6848090,4.8374142726662255,4.053667996469731,2.754500574858671
HCA6854590,5.11816596310669,3.9835626065341807,3.1540673611671175
HCA6867296,4.643875917020114,3.663155220035603,1.6386354605693032
HCA6875801,4.74338474437006,3.321651148562047,1.5475144296471517
HCA6876095,4.9121460195100495,3.4048906633420444,2.2274546386574894
HCA6877300,4.864981342166402,3.4183134384119196,2.421171299954732
HCA6879607,4.809576032673541,3.328954986799148,1.1982854954831947
HCA6880490,5.01226463920875,3.6392309192719936,2.2406989167679723
HCA6896607,4.985666983922061,3.2870962251996323,2.4369866087996486
HCA6909084,4.897908980274993,3.551266400862423,2.264396627050747
HCA6909286,4.886631725349451,3.8519875649841517,2.831285990903244
HCA6910372,4.945406575533202,3.5925245120629383,2.5975343413281156
HCA6924080,4.853385090505731,3.8412176763432058,2.38473785605488
HCA6937998,4.854834934411091,3.8556234440198436,2.6762259414219765
HCA6943690,4.882847836732897,3.8966261244454663,2.6024714332996965
HCA6946191,5.052824489624316,3.5449847596532806,2.72758388773616
HCA6947294,4.919734236992633,4.126392900824736,3.0844007956086683
HCA6950586,4.930666692530198,3.228337538885841,1.890451791472643
HCA6951487,4.957663097499855,3.774391094430093,2.6716031193835232
HCA6954998,4.943630761050877,3.884794370579572,2.840045532985971
HCA6963696,5.02328751072048,3.5379075267431173,2.421641779442917
HCA6967199,4.930326377522941,3.1373330575387177,2.0984043164330792
HCA6972899,4.691250121048876,3.1623843257105935,1.7248354235101715
HCA6987206,4.926748549202746,3.8967830884860186,1.8609574876041204
HCA6989715,4.791753257822125,3.3837405331967143,1.364448732871695
HCA7000843,4.996216425740594,3.693503502248554,1.817196060515538
HCA7011040,5.0209212620521155,3.970196911384885,2.374072918957421
HCA7017759,4.807185127707529,3.432785380542549,1.5654085775719322
HCA7017961,4.929865889029602,3.5137538956284025,2.6498291411740813
HCA7024655,5.064277127101476,3.500347436730625,2.2548699221220176
HCA7025253,4.902054318576546,3.7507558029571366,3.015796264148098
HCA7027863,4.950054350338649,3.635524285472648,2.056114962375314
HCA7030549,4.921920074100643,3.6198008843322507,1.8913653520494504
HCA7046968,5.0326278379932745,4.08334976391999,2.7696024700160966
HCA7050151,4.935829733963751,3.8903383528986573,2.8320700557635123
HCA7056264,4.846158145573056,3.4112523396004066,1.7883585653195537
HCA7066873,4.755105464963364,3.4076693595907135,1.9862454784054882
HCA7075369,4.882599712741545,3.7753216863894106,2.543380224071052
HCA7078981,5.01288354984783,3.682349843766233,1.5551667584220592
HCA7079074,4.859664168586505,3.8996036300780115,2.8503851374699023
HCA7083065,4.652972251251054,3.4623195136611815,1.815136938029017
HCA7091771,4.941590377972021,3.69361449856448,2.332505567710244
HCA7098684,4.915794734790439,3.7131045662169906,2.187086607767193
HCA7101546,4.919689458571511,3.808754158295006,2.376070888006734
HCA7103651,4.870832896772659,3.8895588494821656,2.5567906681578862
HCA7108358,5.0114227713428345,3.6441951645316815,1.9516991193742141
HCA7111650,5.084469769266949,3.641505687416288,2.644703127372067
HCA7119969,4.947065008621688,3.9036681994131577,2.71402988438166
HCA7124659,4.910641575978609,3.742077692079905,2.654953154719222
HCA7126663,4.896397834557699,3.3385005715865987,1.4634578632428996
HCA7130957,4.975202471200612,3.773614100863208,1.9045096477993682
HCA7131454,4.9312860335614825,3.908062970384917,3.1117619279592788
HCA7133054,4.8782546224954455,3.549119066169716,2.2404968329081054
HCA7134056,4.9163018786665145,3.33857331077336,2.1603606853039516
HCA7137567,5.025466136263516,4.100696418118209,2.98604860566677
HCA7155973,4.980190565789768,3.816939610102658,2.4404895521073677
HCA7164267,4.7546311791396105,3.7403374247307055,1.3677142072619761
HCA7175272,4.921283410242041,3.795584372032325,2.9696231450531836
HCA7181873,5.010861810589785,4.080748334395934,2.9321892901034006
HCA7182067,4.926328996167811,3.6782819930326007,2.219837064393499
HCA7184576,5.010405612262732,3.709644113440101,2.4044309181840884
HCA7186883,4.818470544626107,3.7303303655741034,2.469803034447292
HCA7192777,5.027991228993387,3.893068971998133,2.788416867847363
HCA7195884,4.828816336296242,3.7689812624946213,2.6333510784078507
HCA7216462,4.9304608582612435,3.816931352843379,2.0065795754661
HCA7222154,5.019091225178952,4.080293539671369,3.0826445821466804
HCA7222457,4.96967120820492,3.8378156391747424,2.993360456467136
HCA7222558,4.880479164139975,3.9022195813604,2.5977449186707577
HCA7226566,4.9386769000982484,3.6320695603173134,1.9809368277080845
HCA7243263,4.907442346530443,3.345171609073455,1.9942158879941987
HCA7245267,4.660612847866723,2.9065854424954014,1.429698369112887
HCA7247574,4.922225120541131,3.686389968535539,1.8041109082649491
HCA7251969,4.9123676114018835,3.9894174817692427,2.4339622437132435
HCA7253064,4.917185839067332,3.970377906171087,2.6806839918038388
HCA7256070,4.749109616696369,3.4320785096493913,1.327225088779148
HCA7256575,4.982513048460632,3.3048633477117373,2.490864448640686
HCA7257173,4.839218854018747,3.4416389031343675,1.9492163575736472
HCA7257678,4.9243388581587215,3.8134117013517157,2.2020061581153154
HCA7259480,5.027090499601823,3.6628759935435173,2.5243990017639715
HCA7260869,4.927443238046794,3.811350996172921,2.345780811201257
HCA7264069,4.867737915613933,3.2683734455727005,1.5008750709139185
HCA7264574,4.9117878583123415,3.4083136256476925,2.4404241877587114
HCA7268178,4.984232657639029,3.568955833085197,2.5863938509502984
HCA7271369,4.854836919502944,3.3793562419854766,1.6907950412711714
HCA7281271,4.9283063167918275,3.2226701443247023,2.3180142376517936
HCA7291981,4.796706677083604,3.4509950151592097,2.186555143960427
HCA7296183,5.03265709863157,3.9410144802634086,2.0907081909477556
HCA7301251,4.955387670293836,3.5038661899450783,2.0974531300622847
HCA7307768,5.042931841240308,3.561362151380589,2.6642814350632857
HCA7317367,4.955604349896657,3.9311269406668337,3.1043058669165084
HCA7319472,4.949131294954005,3.6619726917800444,2.2413980375393514
HCA7326166,4.765706426651072,3.8994720248786208,1.8905093459176123
HCA7329374,4.960365786420561,3.2456593137619243,2.8924361266574223
HCA7348277,4.953524305542456,4.02661234717583,2.069118098851251
HCA7351165,4.957676663681177,3.825218117052006,2.282809365380797
HCA7355173,5.08581234213756,3.681474049024949,2.519598870077084
HCA7372476,5.153421815338661,3.818954982370447,2.8772404204714155
HCA7376686,4.94993412990099,3.795637835357621,2.660529652802614
HCA7378993,4.618886820597282,2.793072912233647,0.6336445889663905
HCA7385889,5.013757347031537,4.062545888171951,2.8708585942509726
HCA7388794,4.919081257838257,3.99184387816317,2.736758081380713
HCA7397391,4.824429201703069,3.6029415922660033,2.0890174313646677
HCA7406265,4.697472880676997,3.4461100566126377,1.7309953985693478
HCA7410559,4.945393476836759,3.7152673224575747,2.2515433117639367
HCA7415973,4.922119218267256,3.6492266351771505,2.9935235607669815
HCA7434775,4.651461351592969,3.5875808521601256,1.9072595146591904
HCA7438480,5.072557441104309,3.491711781683377,2.549284077440687
HCA7440164,4.818240720579932,3.868582673940892,2.506673172732531
HCA7447784,4.876943534590857,3.3925247318350578,1.9495820090911338
HCA7452272,4.941713469736212,3.9063858917011443,2.399558265138764
HCA7452575,4.993330920687322,3.461886445862232,2.508224142879837
HCA7453375,4.93378297715336,3.8055931640342786,2.758899512965772
HCA7453981,4.950475144304898,3.8727343983552287,2.4588067356530607
HCA7467588,4.788037614494903,3.004106869477275,1.8302922026134645
HCA7468388,4.96116248490564,3.7905128580128378,2.2101403950389815
HCA7483182,4.783410393586985,3.3310545975793953,1.8900085018450714
HCA7489497,4.994786945531245,3.57951873069927,2.3551304604034384
HCA7492486,4.914313023886459,3.1924168612179535,2.34962325612153
HCA7492688,4.925786365001389,3.762956785483485,2.4165983670624884
HCA7492991,4.960086133849128,3.933765101079603,3.039321674269269
HCA7495593,4.806427145941105,3.5506249803259835,2.2531483594915067
HCA7497395,5.011432888767372,3.7144562064092597,2.3338598865823257
HCA7502059,5.044340322874968,3.886815550174806,2.656014755756984
HCA7510058,5.035584286346745,3.663155575166989,2.449464586963079
HCA7512769,5.021372853049379,3.896455268923864,2.981442081193312
HCA7521366,4.582094461245639,2.672263167764926,0.33450054747059094
HCA7530670,4.87176926449653,3.9405695471193347,2.624828606418451
HCA7536884,5.1254706339952065,3.580845490479422,2.273256272072456
HCA7541675,4.816970692786018,3.5917612933556424,2.2336963217468493
HCA7543578,4.864571034403251,3.6080224181345275,2.287136171298936
HCA7544883,5.060617988953204,3.6528853096568485,3.0507534803722915
HCA7552478,4.881079688637661,3.7741537537100545,2.222528864252772
HCA7553177,4.877680719991091,3.675930149937879,1.709247525441205
HCA7567693,4.958901749135931,3.836634164343532,2.957991582805079
HCA7577595,5.011116863991575,3.863219361836637,3.1197978228065995
HCA7581081,5.032538607385401,3.938699677083326,3.1416647591996165
HCA7592086,4.793188969422472,3.6032186543601408,1.3834510932769686
HCA7604067,4.909934942013932,3.6501229777788144,1.6340314276827013
HCA7605978,5.037099299586754,3.8609072755605918,3.0715882587830214
HCA7607477,4.9017623827724615,3.845818892513413,2.77337337230701
HCA7611569,4.540467688981565,2.1160511370673873,0.27140295492788125
HCA7620469,4.979721433919404,2.943874615532461,1.8858829897377705
HCA7625176,5.029539473288885,3.771288976339041,2.931341782727657
HCA7627786,4.866231527777938,3.5802938837899543,2.0028990073619637
HCA7636686,4.99747559315469,3.5897651766028837,2.7763528361611383
HCA7643279,4.636315519848139,3.52387075391393,2.0862897577543156
HCA7651278,4.893802931984032,3.582912489527034,2.1109895795200497
HCA7655892,4.997358238065373,3.4937029803036643,2.418850710030507
HCA7664792,4.34263667387362,3.0247589940973585,1.3633910573258878
HCA7667899,5.115424431922713,3.8370742402546183,2.4882966560887403
HCA7670686,4.9510036987354145,3.998678818477643,2.7810709625866474
HCA7670888,4.951292460415161,3.671693573687405,2.423079503030645
HCA7670989,4.806825385942065,3.5765426907545335,2.2309110279733897
HCA7673288,4.96201132724372,3.509124289272911,2.1845063272678127
HCA7686196,4.956763848332896,3.837381391780939,2.7431620906880485
HCA7689304,5.017889261989005,3.5052008225857008,2.6069458185302343
HCA7690187,5.057587662831591,3.8379281752794694,3.006040669654281
HCA7690995,4.9768915748904785,3.249949633483077,1.8661178561060987
HCA7698204,4.906085828775477,3.659212482378351,2.8045908942257354
HCA7700265,5.072357715972029,3.4231501252015324,2.4987323747695234
HCA7701974,4.860630442440413,3.69431913127791,2.080232441125477
HCA7703372,4.941660317419751,3.6095323514099857,2.655639695304695
HCA7705275,4.845945633231433,3.6818414954020025,2.4106001816785994
HCA7715581,4.765666121748384,3.9051462392429355,2.168543079587466
HCA7716381,4.90294410818112,3.9914899007650626,2.200012113640679
HCA7716684,4.937936258297303,3.4128940604547267,2.3384867538983096
HCA7717484,4.9873963028481425,3.7359823790030013,1.2343864522109111
HCA7745994,5.025370313820028,3.799646853636714,2.202121904440341
HCA7764594,4.991999337453146,4.083787527045967,3.0589170366946763
HCA7773393,4.978608230698016,3.4731964911397437,2.601788359443056
HCA7777200,4.846231246166159,3.3758666808241298,1.6279867871551619
HCA7789611,4.931268478075319,2.8721434087820117,1.5531421602377626
HCA7799311,4.797179956832078,3.1332303372462498,1.4924174812497086
HCA7802172,5.029211935488626,3.7483793764908744,2.825194702723363
HCA7807384,4.851500331743674,4.093892351639393,2.5064332589379594
HCA7825487,4.675984800868052,3.4505687526187745,1.7350533096450629
HCA7840988,4.996466039641482,3.2629999790355475,1.6382215320272333
HCA7841485,5.0252178116507435,4.037194483085337,2.6260621390679595
HCA7879713,4.502393524322969,1.438452404746729,0.1490293211683766
HCA7881598,5.0273014382887515,3.7243079682810083,2.677882198383752
HCA7884605,4.868688477915257,3.908690466889307,2.7142091023080854
HCA7885102,4.917543511129375,3.7231853908643586,2.362711652797532
HCA7888815,4.594025819314142,3.87625796290364,2.722372022456232
HCA7898818,4.842026852103376,3.5578521777117174,1.95327516232413
HCA7907287,5.02108479822418,4.198452113772181,3.0276115781060944
HCA7908188,4.722641519034666,3.7198134461717216,1.9665350644187334
HCA7910680,4.926033471305194,3.736260255448494,2.1383153872376623
HCA7913181,4.930100070114619,3.7435663252796116,2.6455268255120954
HCA7917189,4.736685915968493,2.979246496226236,0.6738721559319404
HCA7918393,4.899677000202376,3.884392906237277,2.1657619555814245
HCA7919698,5.130376453341095,3.946082662073963,3.5420307006788194
HCA7937701,5.0571588025707115,3.6598427102743933,2.488879955560166
HCA7941388,5.03491596128063,3.987964690927521,2.8701172907803807
HCA7950086,4.974566770360859,3.234150652662092,1.9716652167622648
HCA7956199,4.920287294778074,4.197690795476042,2.589655778576459
HCA7962902,4.9066867595653285,4.005446635644004,2.9246684172321316
HCA7963196,4.858139692582707,3.9503884368095346,1.9478727219826266
HCA7964401,5.053561281117646,3.993395547746294,2.96980400658521
HCA7974909,4.905334363836568,3.553289260919904,2.3611300544628526
HCA7980095,4.8371011244439925,3.1972607252073315,1.5168701730985261
HCA7982706,5.0354785928868955,3.890249698446075,2.631256433296106
HCA7985510,4.93218077573368,3.644055097425116,1.7548362840004748
HCA7987312,4.873166254969772,3.71563440499162,2.1964347162364017
HCA7995311,4.972323046359519,3.251464658137442,2.1961156516226152
HCA7996616,4.894970817243806,3.6706082782281686,2.2260558455352877
HCA7997113,5.007230390247759,3.8853254171518987,2.9356683906444334
HCA8000040,4.917780680375761,3.757952510302784,2.5760468884999908
HCA8001042,4.924750711119783,3.7306382858044227,2.1880030935439656
HCA8033560,4.843934361697491,3.1215927489896718,0.8771462103859675
HCA8034158,4.913534958298362,3.9255784001689107,2.3867068729578973
HCA8038772,4.716579270411258,3.537742442662176,2.2463397958588707
HCA8040759,4.976734336109969,3.739492050813269,2.749959142313747
HCA8058374,5.0956177113283365,4.051974129641194,3.128508265179443
HCA8065270,4.870629029900034,3.4468294828274244,1.9687647059824185
HCA8065472,4.7660180516718995,3.519942130774267,1.111904744294514
HCA8066676,4.970647963748874,3.661078082638486,2.4719090279720843
HCA8072772,4.913514042952861,3.741577628404154,2.633502105123744
HCA8074170,4.984089502601435,3.5540839801011366,2.667313531876664
HCA8089082,4.998152173041891,3.7720075308531436,2.358746313087833
HCA8099186,4.909115096577882,3.9174032510703385,2.9979588920125466
HCA8101450,5.029566967091938,3.555212263525743,2.7200227622018014
HCA8103858,4.848531547273779,3.454838780883635,1.9193134464270312
HCA8121355,4.985013590530158,3.58634553247889,2.250191512656748
HCA8123460,5.007808430819331,3.0091124380568424,2.004478330246522
HCA8126971,5.038469738926096,3.558341529201731,2.553668841628209
HCA8127165,4.601627407340732,3.7702009699126657,1.436211693148363
HCA8132057,4.780903722448404,3.670462216844301,2.198536029891893
HCA8133362,5.016752166219885,3.4629239037415736,2.595741351819672
HCA8134667,4.9980002144200615,3.5923486724370424,2.732884274652383
HCA8141563,4.829923257805234,3.4874746658600495,2.2757922669655875
HCA8142767,5.092189563351457,4.0088361385601585,3.2069677593079793
HCA8151667,4.8465352384360045,3.636413013349118,1.745551776059705
HCA8154168,4.910822573614499,3.504000964748035,2.419239980163054
HCA8169484,4.781218284721536,3.0015458978601037,1.492697302412152
HCA8174679,4.170825591305224,3.1960809630238676,1.6998803752489327
HCA8191679,4.866626656908098,3.590461787816719,1.681914180039311
HCA8192378,4.902563099487916,3.4543529144097898,2.087705664001421
HCA8206666,4.999219586933489,3.5730997520878134,2.4780310287873357
HCA8209672,4.968426715066434,3.785742911631596,2.228558821685747
HCA8219877,4.930046416040494,3.964947208296761,2.8868840318883024
HCA8232061,4.811802731593282,3.4797584162953723,2.477358274198146
HCA8232869,4.901537108075397,3.323658414490664,2.227091727415054
HCA8242973,4.894732215497034,3.3073008804601773,1.7472705243328128
HCA8244977,4.799818514869549,3.616220069997628,2.4518388059014873
HCA8245878,4.699331492284104,3.564960278095892,2.136787165755032
HCA8247074,5.066797340948533,3.5426799129217277,2.3550303532074484
HCA8249078,4.962361623843254,3.452563868239811,2.0805667414345437
HCA8251368,4.884392735315822,3.5951699494436835,2.1458539935244403
HCA8252471,4.865936436077465,3.504727054138078,1.8576763375888286
HCA8253978,5.08302250187857,4.227086334556419,3.4441634974239523
HCA8267383,4.980626854840567,3.60154193009972,2.4506774216926455
HCA8271980,4.942929487347155,3.8476048772628,2.624555868026349
HCA8274279,4.951858131041447,3.7099247540118676,2.2900255073858435
HCA8280274,4.851884387587752,3.499881020849002,2.197644925961329
HCA8296592,4.969263946049138,3.614802689095702,2.637203821965719
HCA8301357,4.969445694327414,3.651196819857283,2.6084222045993597
HCA8301963,4.971481673085398,3.916764084624316,2.939737442036876
HCA8306569,4.967290286367798,3.6242483676718815,2.732577868217905
HCA8307773,5.009309315928954,3.7086834179948,2.4565625550521832
HCA8321565,5.105626557008793,3.6955682721634373,2.451619603160132
HCA8322264,4.848431840944674,4.017677729299839,2.8371497519173943
HCA8324975,4.901594429688737,3.564502456285922,2.0917383278059303
HCA8330061,4.72551026641939,3.130303578330734,2.0539803428424004
HCA8335778,4.9040132030404795,4.104385446523661,3.130159926252927
HCA8341268,4.859262942352339,3.5759038809593986,2.114154249935135
HCA8345882,4.9344599277909005,3.5747774856237107,1.6306065127427372
HCA8350976,4.870307859565498,3.781204326254161,2.4261256401636992
HCA8351574,5.043842251785024,3.3521649538241047,1.880041927825109
HCA8358285,5.01596287968016,3.6311322684174847,2.805160923417839
HCA8358689,4.902135506023014,3.292640279888174,1.6827295868580354
HCA8361577,4.832864431128767,3.81409221640968,2.15929137975731
HCA8363278,4.64153761337186,3.5351345402641297,2.2425914485872975
HCA8368490,4.849803179450028,3.5903891094455864,2.726682777308374
HCA8369896,4.8654002571253026,3.7245574784128896,2.1115405240680056
HCA8376287,5.066362106408103,3.5043996334747667,2.2471273995165046
HCA8378594,4.895179755357247,3.7480582479847895,2.4872874321999654
HCA8391586,4.953832431620259,3.6994674403252557,2.5093264002156372
HCA8405975,4.704065965710078,3.0379481275693947,2.1228762735583495
HCA8421569,5.0344725003601445,3.7503855967908755,2.4919778744618193
HCA8434376,5.011602356193033,3.7540822273023386,2.7468245764824597
HCA8435176,4.834547096471808,3.5987784147887045,1.1201145684722627
HCA8435277,4.986259672570551,3.6570073722148546,2.2300427583497013
HCA8441777,4.885445806711962,4.097648513638441,2.6532802798487642
HCA8446383,4.815377643497368,3.6669590301092048,2.3150874480997086
HCA8449490,4.950885502240811,3.536756613096547,2.0978146350748346
HCA8451275,4.812998431703017,3.4655744758252016,2.3781902965536914
HCA8456386,4.88176744139762,3.3928078869301492,1.4573932052534437
HCA8456790,4.953165161469412,3.170230469880115,1.3601354065918567
HCA8463787,4.9449789537804705,3.266367573782445,2.1443776403936394
HCA8465387,4.906055269611008,3.3110892015724396,1.6344456723677017
HCA8476190,4.931742461895726,3.5536675334754375,1.7655951751512131
HCA8480282,4.835506798935766,3.396668524057667,1.9139442920104761
HCA8481789,5.009304130356974,3.845001791613684,2.398086273437603
HCA8488197,4.901006072086285,4.077799268702481,2.5344214285034674
HCA8491893,4.951861586165659,3.581602030280091,2.5082917672657956
HCA8494899,4.795287492320297,3.5888822329926215,2.37925062105245
HCA8502165,4.920281956125766,3.569384127532863,1.5981118786234367
HCA8502872,4.8212353088919535,2.8909495576075774,1.4332395080201046
HCA8503167,4.917731968805486,4.013009224588446,2.7194150261685
HCA8509785,5.012239213586017,3.716449071911062,2.2944900941577178
HCA8511671,4.979727320242193,4.045053845252519,3.1361574300422155
HCA8514374,4.7581736142972755,3.699426465809522,1.4467464280826778
HCA8515578,4.920603697139437,3.0106067890628196,1.827459602152618
HCA8517582,4.967532783498017,3.9799330641716115,3.150870205395628
HCA8529892,4.852862723125828,3.7101444155061074,2.7949131783048276
HCA8532174,4.895477836085433,3.5734132634266795,2.2088794644931524
HCA8536081,5.0623562971305995,3.9915074840233484,2.711064972841695
HCA8537992,5.054990199791876,3.6380242188086696,2.6181912909719465
HCA8553485,4.83106136020693,3.2547200398157248,1.2120243874389969
HCA8557796,4.970457180798879,3.7652505791096917,2.6305976128792254
HCA8578704,4.960359725926679,3.664625664006352,2.4990741326948998
HCA8580387,4.845744069115601,3.3085481764132956,2.0382580012169385
HCA8580690,4.941941430030477,3.6764518048343335,2.4115454074891893
HCA8587705,4.880508836107518,3.2804617783301824,1.9065593495406405
HCA8591796,5.112301803895448,3.5190762535285187,2.4489828094236072
HCA8596099,4.854651305759752,3.407372582440346,2.625018990612662
HCA8596403,4.911731417577924,3.859194284453699,2.6402274658623544
HCA8597405,5.017430838588399,4.015480355852826,2.058901696248038
HCA8597708,5.009791812890267,3.754733547817399,2.42239236160535
HCA8605680,4.9437659542080326,3.7964531342201004,2.611904400578072
HCA8620979,4.950760080629896,3.9115872639492792,2.7163341630531916
HCA8623581,5.033225694140194,3.909653203368957,3.0537804096397054
HCA8626082,4.899349869077384,3.917416906225008,2.4913902894885576
HCA8657295,4.9488671219483535,3.285903516535232,1.4939815298041783
HCA8657598,5.021053549101711,3.770762880202174,2.3775815670271823
HCA8672190,4.850737018055389,3.9008402740799886,2.301261605113654
HCA8674902,4.777193475985629,3.717135079057232,2.0470633950741237
HCA8697005,4.978924585864263,3.727254070525287,1.989631529306904
HCA8699817,4.912161696222369,3.9163045220406305,2.8459300235254816
HCA8702577,4.8069185524334275,3.7602547280456866,2.590682856364986
HCA8705381,4.677057429749076,3.108415520256252,0.34997388991555745
HCA8711477,4.965726769440448,3.8699785240101825,2.3789809710319725
HCA8712883,4.942648454556447,3.9396161639716802,2.8842067313851296
HCA8720983,4.967636877644685,3.268499808166065,2.6187575333415825
HCA8724991,5.0135609164234,3.20856183319556,1.818915633583985
HCA8738699,4.8028833901963965,3.765345254088809,2.3121747544609645
HCA8740989,4.67060428927581,3.525629372126446,1.8222111679044983
HCA8743187,4.381267365222622,3.7806517037642284,2.479858682099088
HCA8748197,4.92663450388938,3.935525413852922,2.6319472810482885
HCA8748298,4.863413161617699,3.7822108752437678,2.2822596828283688
HCA8749907,4.920632298292768,3.7028874495573834,2.231292157560486
HCA8751792,4.900755996525363,4.014403713955472,2.7552762779891853
HCA8793607,4.775877792408286,3.4302443569154466,1.9957079469264931
HCA8794407,4.791583446105163,3.491321556904834,1.598726754622925
HCA8794912,4.825814406118643,3.861880968062802,2.497628201298367
HCA8795813,4.710639941752038,3.261224311687199,1.1349999368456005
HCA8796916,5.063868430324368,3.6735917151464164,2.4175011057514233
HCA8797211,4.9359233976427825,3.8270560462817356,2.8126487239137057
HCA8800274,4.951125072228878,3.8091300185845216,2.2205610368635162
HCA8825997,4.9016317356130426,3.9620400121591834,2.3623767554982007
HCA8826090,4.951180988064803,3.8260418160788676,2.8552262439813982
HCA8829905,4.8417776634912855,3.8262331633665956,1.587167677674003
HCA8846400,4.879806237902462,3.410635803437115,2.0150770823929327
HCA8854398,4.7373595440801575,3.7353519523126093,2.337549490519822
HCA8858710,4.9130809103229005,3.460022465461361,1.639681710584848
HCA8858912,4.750589999145988,3.8967186455209886,2.748913692982166
HCA8866406,5.012694714057828,3.9055777247877725,2.6422856580288117
HCA8867004,4.810717675710347,3.7946890801899213,2.601860473344908
HCA8867610,5.000863787353292,3.4041357848589153,2.4096741135653597
HCA8868915,5.058156401414634,3.756435995073869,2.8025339549777306
HCA8869513,4.832243222325404,3.6268143608171637,2.1374873425197265
HCA8873908,4.989467940036072,3.6794777965645613,2.2568206198155067
HCA8883911,5.017081103609624,3.8981264130474615,2.8525256346610144
HCA8904185,5.024203709344622,3.617918494372738,2.3641981729399704
HCA8913388,5.040229574167151,3.957819182400827,2.6728927194826384
HCA8913489,4.792915537187502,3.5550926976865367,2.012846300901525
HCA8923391,5.000189895724921,3.794208938731654,2.7688077403426323
HCA8927501,4.690614710491937,3.5390892348268688,1.7106420053459623
HCA8934497,4.906555997419278,3.0647505732846305,0.9700565262124996
HCA8947709,4.849340804172307,3.730009553480031,2.278637223352741
HCA8953805,4.950736033936482,3.592817902785724,2.4679593384861347
HCA8959211,4.9277021349142105,3.7514992885448524,2.636384269211226
HCA8961399,4.95240227723712,3.6603731141092335,2.6449292813016427
HCA8961400,4.632783814489952,3.4014967816107844,2.3196811575095104
HCA8980404,5.033537364191347,3.98218876438941,2.4363848965169512
HCA8983208,5.053582818248586,3.2555747605837184,2.0074817818785293
HCA8985212,5.017964511407392,3.9513939701408596,3.014440701129672
HCA9007968,4.786766307473541,3.5292629100184807,1.8895549517232082
HCA9022762,4.935502446773452,3.4380296147444063,2.342535826439307
HCA9023865,4.791543801491558,3.641700145680709,2.3631913528254587
HCA9033868,5.103489437397617,3.64263392571553,2.805996882450561
HCA9037876,5.0284088334752015,3.578237506852275,2.3034267086999662
HCA9043770,5.048404272290203,3.8188158059728723,2.712458788924766
HCA9044570,4.966819849325578,3.6766323686591282,2.022706368219391
HCA9058682,5.063238810363258,3.689521775481568,2.5600224798794016
HCA9061974,4.465096852078311,3.4378081553260516,1.349537073014667
HCA9067178,4.905026767480117,3.557530448730494,1.9813421384977237
HCA9085685,4.802081275457154,3.1830556645484327,1.7375159264249547
HCA9086283,4.9386430519450455,3.881091800388055,2.7189411025614385
HCA9086990,4.948173480875906,3.2787824962909924,2.227367263676848
HCA9088388,4.722276944226387,3.1462004881451904,1.690334299944299
HCA9088691,4.79497677335577,3.518475788540741,2.2009336198000513
HCA9090779,4.994687434201811,3.887271945479377,2.2899007719584077
HCA9094484,4.8571666622616965,3.924528524154761,2.4428997456612196
HCA9095284,5.041703457594773,3.8382417874781134,3.051606031803852
HCA9096690,4.800565599122951,3.3620551430023293,1.9570646472716093
HCA9099999,5.006783231815453,3.596690357893951,2.880626813140254
HCA9121158,4.804878129502859,3.535889501849119,1.6551570711291326
HCA9124366,4.9058760321040245,3.830480794640053,2.0299335000260803
HCA9126269,4.938824872060998,3.9944670397469353,2.910834846149571
HCA9156783,5.07315386954753,4.01711218530208,3.4355172440089854
HCA9157179,5.108470777148998,4.032580294211147,3.1617451006749326
HCA9160370,4.868646342282586,3.6665297052677417,2.7706703880557675
HCA9161877,5.01417587786823,4.050517352870632,2.908845477868716
HCA9166786,4.659717663708027,3.564839433451521,1.7558357437486285
HCA9170373,4.9352737542254985,3.410244869971808,2.3171776075592674
HCA9170474,4.729518035245409,3.2502750369060074,2.120606728879758
HCA9178894,5.054463741348583,3.5572935702118373,2.780489222878884
HCA9179997,4.867163107560162,3.684852526554384,2.680805897526837
HCA9187693,4.908547855326969,3.6160517246336856,2.4507856496999163
HCA9194084,4.925204764801791,3.795974445091405,2.1757238256746874
HCA9196088,4.916829323743581,3.8496110160268984,2.854844387193148
HCA9198092,5.055636871489995,3.750838700565213,2.7976020018262795
HCA9202057,5.10498103740316,3.618913600769066,2.3886482920790812
HCA9202360,4.956595594486665,3.6224610329363305,2.3887859007752983
HCA9217575,4.926419559286085,3.402007514650651,2.3743458968739932
HCA9231670,5.124055700631117,3.648075312465106,2.6968407100500746
HCA9234979,4.887636454448843,3.8519289601358992,2.932184488874011
HCA9239484,4.947328254933943,3.3284008146363093,2.1315680958952408
HCA9247483,4.867410192144952,3.8615606287909103,2.458387294869847
HCA9256181,4.949132634564464,3.83395942177734,2.013830839886117
HCA9260071,4.92398094724665,3.468409302166647,1.5175431638796961
HCA9266285,5.050197710817134,3.7946219497109146,2.565891966345623
HCA9286392,5.007291944644026,3.424503768890886,2.0658619232648623
HCA9300057,4.938994856492343,3.4972198647383115,2.3189240237334308
HCA9301564,4.95495432884622,3.8098304279965167,2.6182112142876113
HCA9304772,4.86650715782749,3.716920669808162,2.5813192097458755
HCA9319280,4.918702451863342,4.071678291324583,2.6542535077897176
HCA9319684,4.886252775339906,3.53260164659356,2.100390428950281
HCA9323978,4.618704524657638,3.9308268103820647,2.45038418016226
HCA9329081,4.907544328328872,3.7234067117139356,2.347194070854508
HCA9329687,4.85990419603542,3.431380781262209,2.4233504970354867
HCA9339892,4.691061014997154,3.692507399603592,2.2101656672907075
HCA9341879,4.8445329218047,3.660888676852702,2.0328474897630957
HCA9342578,4.990680044122314,3.377565870614841,2.2365010901163624
HCA9352783,5.078614822509383,3.882900636371609,3.162200747850816
HCA9366895,4.816847463681295,3.9419853692059292,2.9257348049650194
HCA9369902,4.934995697287534,3.5198559158266,2.0367438803006763
HCA9372789,4.711312732408232,4.038671460693964,2.495521851669036
HCA9373589,5.156604505145535,3.70494557170671,3.319880530938441
HCA9377597,5.063395212365167,3.978783699134847,2.646795932872352
HCA9384089,4.925177044021508,3.645899660496782,2.5054649848287247
HCA9386902,5.036240459774249,3.660956586082853,2.7183696262207993
HCA9389605,4.872163932125817,3.8003812667037087,2.486074114741882
HCA9392997,4.728758503625463,3.891383107441662,2.5386772901647787
HCA9407681,5.0747114721694935,4.145751268915536,3.242099530070322
HCA9409786,4.8599691584090605,3.672214634922536,2.1820887297094096
HCA9414375,5.04449766477227,3.9444905246378683,2.463868087282524
HCA9435080,4.921901660578773,3.627451466075052,2.106809042569063
HCA9436688,4.94689046550202,3.448845715798477,1.8656666250564566
HCA9438086,4.905651084261218,3.867152144010348,3.2455640560046195
HCA9443079,4.946014726805519,3.2784863350390068,2.3086000908824347
HCA9449900,5.0266552492907906,3.4724809124499267,2.194264874278057
HCA9452181,4.975816921599832,3.6550820403607935,1.8524758833015953
HCA9455288,4.820146067031531,3.8099605148748883,2.461690938427058
HCA9460079,4.969305970590192,3.887122395625838,2.4435951963525895
HCA9461182,4.888690082608452,3.806707140911008,1.438575824506259
HCA9464996,5.056278018676487,3.696292575484286,2.1363191617935624
HCA9469906,4.704293821604974,3.886244787102666,2.5825762971260255
HCA9478098,4.8424857696095716,3.888254806402483,2.329928068825024
HCA9481693,4.673512594661145,3.4345820527542172,1.6722738108015485
HCA9481794,4.894093158406201,3.6773050172196955,1.9962882035918914
HCA9492496,4.932861557590585,3.3269294286239184,2.1657043494886974
HCA9496707,4.58437803455787,2.6248325583727126,1.6132934016053138
HCA9498307,4.78575332579284,3.5926864335114517,2.087063779715623
HCA9503576,4.738751595002847,3.4833692828679452,2.1223146498941245
HCA9510169,4.899754469571658,3.477321732719078,1.268098799005866
HCA9512173,4.91377180986634,3.5665289659819455,1.7518416395677359
HCA9515684,4.974478141824827,3.5001161400124507,2.3560492320324466
HCA9521073,4.96543301820701,4.107961001333073,2.70953310296878
HCA9521679,4.9890752095601005,4.102695431209332,2.943602566777046
HCA9539800,4.994407381600509,3.830990809588784,3.124954472737517
HCA9546089,4.7864108640170375,3.231169262964407,2.0142324429354237
HCA9546594,4.926653208990596,4.005543451915483,2.342079120137235
HCA9548396,4.790237872829615,3.9861687905058054,2.7632404064410516
HCA9549297,4.784696063214588,3.4553242862056166,1.9471436511947153
HCA9551486,5.061080260986684,3.5574759915310126,2.7553956014056338
HCA9551991,4.9002197756431745,3.8846470238462043,2.487408724506835
HCA9554088,4.747634801095569,3.5108575337333745,1.8766734712327229
HCA9556193,5.037040225069202,3.8187786728546653,2.8658651765372323
HCA9559806,4.940401822492192,3.533854313190508,2.344842431372923
HCA9572797,4.926009201479848,3.7764481220011645,2.0590810255720275
HCA9573597,4.567897682532964,3.078545093967977,0.3670629065763002
HCA9575298,5.017533822049004,3.613729104887438,2.475704585425701
HCA9578406,4.938684366099269,3.554519009036837,2.5478912445845734
HCA9589310,5.057463158671467,3.923062994022083,3.0707736128885377
HCA9589815,4.992568946829255,3.8312365552926986,3.004657113015902
HCA9594606,4.985082524710742,3.927779213120984,2.8145452257601096
HCA9599212,4.96002936040029,3.7316447304877745,1.954363105048605
HCA9601374,5.076966157696273,2.839825368506761,1.3407116679195263
HCA9603681,5.014780415184299,3.5604449718316094,2.6496397301915513
HCA9614484,4.982565555034571,4.04879048288078,2.8792179051075233
HCA9617793,4.933109195530606,3.961741656090908,2.909278797514003
HCA9620075,5.193780806496208,4.086257607698446,3.1355808408398884
HCA9626693,5.089191959630957,3.8221258713132418,3.4141962858648305
HCA9628697,4.9412793249820055,3.532513848181766,2.4797358240604552
HCA9640889,4.779227809535584,3.4461845156118107,1.5450972609612574
HCA9641386,4.888154059601853,3.9892175520572892,2.2400365780225435
HCA9646699,5.024768511856795,3.428858602706,2.1191299797351895
HCA9650993,4.944058515200993,3.1557473407688623,1.2803676180806085
HCA9662495,4.960353179501494,3.670292002159837,2.383382959268554
HCA9677509,4.945372250797014,3.621178938626074,2.556555110062749
HCA9679715,4.916544697777431,3.2321427370487195,1.1046451559912334
HCA9686611,5.06944105193509,3.8601792746304224,2.841413370355424
HCA9688312,4.803539068185745,3.4193201766897428,1.91767730358951
HCA9703079,4.910683474596063,3.8107981741332924,2.588854773559359
HCA9707289,4.927648470368808,3.978678034709679,2.9160006941017547
HCA9708190,4.899138514359809,4.014580787800004,2.802433273516305
HCA9715187,4.942720907784702,3.6160791141366055,0.9023270957893518
HCA9716088,4.742944690319333,3.9723238624741675,2.3734579579052304
HCA9717999,4.887023972458517,3.5542810320189098,2.1354566203802934
HCA9734999,4.92954190503345,3.844308945009491,2.6081889788440176
HCA9735294,4.805604368904117,3.8553197872762826,2.3646436525778847
HCA9739808,4.857379643482153,4.004992374649957,2.27387032464262
HCA9743900,4.980232645225004,3.535817502025177,2.094804035271024
HCA9744194,4.911847280439436,3.8386792217433854,2.4377539643395885
HCA9745500,4.671347127863106,3.27703984966754,1.5405509484105582
HCA9750290,4.63554514873101,2.976076001099318,0.9201916350287762
HCA9753094,4.762078093981472,3.4863579081256453,2.424642648989877
HCA9760091,4.901243713343726,3.90519837961998,2.8895405003462846
HCA9761497,4.95401235558387,3.982422357578047,2.6987074432275246
HCA9761801,4.830836184995535,3.566798557527299,2.4267643352877726
HCA9766912,5.100268692396359,3.5871520276094793,2.137498838150753
HCA9769211,5.047243176844444,4.1519808787947525,2.6883474484128924
HCA9771703,4.669317564432987,2.9322658946321716,1.3074270271523072
HCA9787415,5.042049512785467,3.5557944584164867,2.5170139512712795
HCA9800885,4.53348425340852,3.622414149402981,2.393796810859944
HCA9815595,5.027315011695099,3.723024394637395,2.4107332437988127
HCA9845403,4.666423797241374,3.542063173506161,1.7981057820564315
HCA9865005,5.024925071055584,3.7263971400106355,2.505852864293393
HCA9866310,4.827916046360135,3.6747012338075384,2.8224257187017625
HCA9868920,5.019661899481519,3.665358368629587,2.020685742215645
HCA9880001,4.781563182748032,3.8801031229136287,1.971464388098042
HCA9880405,4.7889960842518775,3.396826777480544,1.3545061419368594
HCA9882308,4.997805554529065,3.4499815529677513,1.9941769060614547
HCA9894012,4.7566872492467445,3.481549644808362,1.7782115419920879
HCA9894315,5.0141653996870925,3.5961742980884512,1.6210292371888775
HCA9896218,5.014945484517834,3.7053598641494987,2.1987859789422224
HCA9908906,4.97750966558978,3.8632775796739667,2.471347495553753
HCA9912391,4.882717255229471,4.042500451295841,3.1692665066175585
HCA9912492,4.992805165174559,3.5358103272396812,1.671431846626854
HCA9913090,4.852878932141965,3.4059246031674477,1.8462816077042707
HCA9914193,4.83882313218198,3.788023202078026,2.208775803994004
HCA9922091,5.015070093692345,4.038477824703288,2.850258571371115
HCA9926201,4.921018263101617,2.4855616936649847,1.2755523965747317
HCA9938309,4.991542492521454,3.4259576334425645,2.2213396564653394
HCA9938814,4.873385155179573,3.750294315592739,2.2432955584977914
HCA9943504,4.964849918458323,3.5083988911880475,1.8429446906964224
HCA9947411,4.866807713356498,3.8354824786506,2.215552315798598
HCA9953406,4.938375144479255,3.629257652395958,2.189331009459674
HCA9956008,4.96734776507497,3.5178373072240148,1.407506830557842
HCA9986825,4.831054561905103,3.8113106878635787,2.823365135476176
HCA9992517,5.0306977835937685,3.911727879125347,2.198741897450513
