100206,4.89831279842087,3.642861347760893,1.8874695528289447
100307,4.994646951954217,3.558940959481324,1.939380777331515
100408,4.660541181114965,3.6531479960507647,2.5529180019072437
100610,4.898981892534425,3.4430380394605185,1.5776566055056613
101006,5.019739313993759,3.7799840099248185,2.300515021168711
101107,4.750132203454808,3.9176519961236327,2.186385783276267
101309,4.859432651186629,3.3987562622483445,2.3912333928608165
101410,4.980557220703311,3.4666802278089888,2.5883508940822244
101915,4.893754954130938,3.7342650487401725,2.5921926623768274
102008,4.8043054839725565,3.915596065771267,2.5432844864927304
102109,4.758409486086007,3.583547784299674,2.1692316421451174
102311,4.849132415393081,3.726513046596816,1.8342531403435434
102513,4.787827840821254,3.512280707544121,2.248978472114012
102614,5.052364049823041,3.7301690385425745,2.4734939525455033
102715,4.95266996925121,3.883640737138708,2.541761499920936
102816,4.808852957209754,3.5872649227696325,1.5462692141379697
103010,4.90072840974859,4.0207878258828655,2.4845351551949064
103111,4.954720362446935,3.6310825410505414,2.8007815933808473
103212,4.874417454110637,3.840648626487013,2.262716352069487
103414,4.995053948126618,3.595501411230464,2.360852680550073
103515,4.961003348833645,3.94654307994921,2.1884551426507026
103818,4.905366515137013,3.440171687334219,2.409869951303896
104012,4.958042881438933,3.4958752209760475,2.410748678320198
104416,4.783547299032879,3.554205504939285,2.2052965792155605
104820,4.941894321553574,3.55315698111238,1.9090768916344338
105014,4.923754060863311,3.8331919771071177,2.17013822856622
105115,5.032323588871891,3.7322230019525167,2.662086941834436
105216,4.923312063599994,3.3197853215002064,1.8083978941195415
105620,4.95909743993069,3.5991732196103783,1.8263830996580597
105923,4.746375891983966,3.797105005240336,2.0916735170643315
106016,4.8108252031009275,3.7402136083958686,2.2175812285610985
106319,4.590139593480098,4.017899421878869,2.2080853161724603
106521,5.049929018498347,3.9659002631023617,2.542047174886487
106824,4.860955075366519,3.451924947561511,1.9925767473273959
107018,4.848738072714548,3.717746791442556,1.661275025084538
107220,4.95304059194145,3.691660129978427,2.3135650871991817
107321,5.009190286336336,3.7152457337735227,1.8766255301195947
107422,4.736005627451058,3.6240081525342256,2.3429131294019276
107725,4.983435732692122,3.692904921302231,2.467885762204078
108020,4.876457896204684,3.786970962890993,2.3863738011284763
108121,4.95725962269095,3.492012256566252,2.1358006884678544
108222,4.774526106453836,3.795825309217845,1.815659726138155
108323,4.897276349799396,3.790414141208115,2.106173253911361
108525,4.896641659348121,3.7973132039548125,2.5001735976342148
108828,4.600278985873755,3.471401864330244,1.3901469563860018
109123,4.833401657117882,3.4911851173231723,2.331578714530898
109325,4.861325022855636,3.5562547278381076,2.5193520071302045
109830,4.986989515836452,3.6170109979164002,2.748791127976998
110007,5.0176925350902355,3.8862963865980316,2.672357857857065
110411,4.698003783372715,3.270408660788935,0.6743165457737675
110613,4.86407546120231,3.718003324019505,3.054384626542535
111009,4.95132823752381,3.97738791337668,2.493983070147368
111211,4.840986509726777,3.9009945952792124,2.485443056357388
111312,4.936061986491175,3.550272746495442,2.4879598622179633
111413,4.991589570638605,3.566959409341738,2.325141870338822
111514,4.997382908207702,3.6032683756706914,2.4255196105035486
111716,4.980627641947278,3.236310683924818,1.82942699318724
112112,4.645146036880105,3.5858765607426553,2.0098903183273764
112314,4.85342784390579,3.750213320528375,1.9530850207329937
112516,5.010868717318328,3.7995585650231996,2.4453397456902577
112819,5.0204467292297865,3.6916313365752855,2.3930347457289014
112920,4.616122016351872,3.7898734677938264,2.232489999175889
113215,4.870188240410014,3.7607844391250285,2.647287404967194
113316,4.980213378731072,3.710670228220019,1.8219763277336347
113417,4.981638841369952,3.6719830503242554,2.8095266282907967
113619,4.909493205348047,3.8388279275545902,2.553229886449193
113821,5.01230055705527,3.8592150922506434,2.829918023236559
113922,4.961945107200804,3.8628303294038018,2.390932890917046
114116,4.785755104819761,3.0115339633678033,1.5288217106574493
114217,4.837489199908177,3.2164129333139755,2.040334898536559
114318,4.873556390503427,3.634793397855926,2.6928646534905596
114419,4.740173563926404,3.646621692678233,1.9559148362523842
114621,4.845817992998493,3.81171920478278,2.754114251473427
114823,4.85426697959639,3.7274781588212478,2.6292957160003056
114924,4.91977380441768,3.6077377971224838,2.3040366687968223
115017,4.832862520182526,3.6958351742087565,2.732330078633847
115219,4.883171686743924,4.025459665627784,3.170076010663388
115320,4.974204146883827,3.387757849094211,0.9703119787114354
115724,4.912829638642358,3.7237510298699075,2.432706271523488
115825,4.851598718889351,3.756888810562203,2.6973250243457176
116221,4.8404139048617605,3.554443662940865,1.633646994423818
116423,4.89832606763657,3.928099245954417,2.83321215966894
116524,4.769587638440117,3.681408476836157,2.736759245585412
116726,5.026511504319464,3.6799044938084644,2.4893384284372697
117021,4.864107280076832,3.6405275455125583,1.8893021242173322
117122,4.928964162022176,3.820102587853244,2.780221110801273
117324,4.852736559032021,3.4863927904359926,1.94642692509284
117728,4.804876807870366,3.5722138955501115,2.2812252826583457
117930,4.976634621251977,3.6672496583857526,2.1330885829554442
118023,4.729037008055823,3.572201550479762,2.199136192709087
118124,5.059486607180767,3.5239774334360203,2.787132170838783
118225,4.8272725022013425,3.785059779631639,1.5818597255291331
118528,4.862794025292468,2.8227271178366564,1.5187315656516405
118730,5.051521040540017,3.816406446087949,2.3231628792199834
118831,4.829361854398418,3.816946532179291,2.1656023743775843
118932,4.885148150865683,3.692204826018258,2.3155207185208595
119025,4.942291012205493,3.5341279639292975,2.383716732869954
119126,4.84952438572128,3.2099399017952277,2.02963213664027
119732,4.9108656417533085,3.500733938249,1.092097077697299
119833,4.971772204564448,3.7157319313057853,2.1308874349206945
120010,4.829294792139405,4.033210284578234,2.8565859973006362
120111,4.975511781221545,3.7664431606697115,2.5723129918122343
120212,4.964248351919683,3.2389449407267907,2.1393530899645046
120414,4.830110326168643,3.3783715928288567,1.7880229305112112
120515,5.048166720584182,3.903850399698087,2.5035354569900394
120717,4.825965714990279,3.660384516182089,2.318770520592444
121315,4.989013573571952,3.5946918289241854,2.8354802365329252
121416,4.88053221349046,3.8998454839596355,2.850535717524247
121618,4.99232335255484,3.4331111750140635,2.055648527925637
121719,4.835866912038805,3.477693775643434,2.124164519331412
121921,4.8275033088955,3.9522902227248484,2.1043445050851988
122317,5.049759972318985,4.010568488778182,2.730569053657622
122418,4.895322843427488,3.7810034236664105,2.374355735046802
122620,4.945655645525421,3.748167433574409,2.680861252515285
122822,4.981652113251587,3.5011188582267545,2.202026653712853
123117,5.066383577493685,3.8823640293380324,2.839645576286379
123420,5.046271233355532,4.063772832446569,2.693742816653397
123521,4.925830702032464,3.5969611492149416,2.0771456361313336
123723,4.959857173893357,3.3373258935790657,2.2144848441052893
123824,4.807129377560674,3.6838272869709896,2.237714287400748
123925,4.854380714350784,3.6553839016662044,1.9530748890349938
124220,4.980326184800853,3.7840884314188803,2.1814241271720687
124422,4.786787295517912,3.6016226797543447,1.0159474702071452
124624,4.9637658555634365,4.019284325775069,2.9159578829559694
124826,4.9852496472237195,3.4660013543186143,1.9694439696330779
125222,4.986123290475403,3.8997427170574706,2.6136441018438354
125424,4.826033783616732,3.691420322810548,2.1476687453622905
125525,4.980219931290653,4.099996790330367,2.588589394457279
126325,4.980104656673836,3.7094095694761053,2.5484854833716515
126426,5.003317558982561,2.9202845093296896,1.6946726919871464
126628,4.847127931514432,3.684422737052793,2.142857372067263
127226,4.881932207180254,3.924257478980792,2.583607431541686
127327,4.944057087470515,3.6866295321677294,2.205599199703116
127630,4.917414348660242,3.7116878126692767,2.3858918537374727
127731,4.881865034469657,3.4516054239404172,1.7774299029400766
127832,4.784746454644276,3.612297876856217,2.3845878144548176
127933,4.972573104136411,3.7332495854928585,2.621294949853382
128026,4.897355704893404,4.196049816014413,3.1914454587516214
128127,4.893639654177146,3.19392788471952,1.7393560280523508
128329,4.88945539931797,3.3520181765217956,1.7265301997044842
128632,4.817478075722693,3.885715507454294,1.9261161716332373
128935,4.982152150229928,3.6337710343436647,2.0116230278654608
129028,4.876031713207276,3.572068245154498,1.92205768912344
129129,4.818071071200405,3.4542957566700405,2.598178353857408
129331,4.926236034251099,3.702357195493703,1.7480477123631435
129533,5.013599634997101,3.6918078004593253,2.468797249850051
129634,4.907504721823784,3.5640741016023303,1.3482302109179811
129937,4.975910720370844,3.792068185239941,2.182292656428239
130013,5.048597957926028,3.804603714175554,2.417933379552372
130114,4.895974892913099,3.6706595412961973,2.0818500355077894
130316,4.992152533211266,3.943041273847567,2.3943951443854843
130417,4.961671056972283,4.061033532029865,2.967568355581417
130518,4.862586107542161,3.7110328390804463,2.564394324560114
130619,4.7591237897045255,3.51857855306351,2.131200312155571
130720,4.58006959461976,3.400911862855029,1.516346664767322
130821,4.868411162799279,3.9052244153308258,2.3174025290989912
130922,4.978558234884882,3.7044052948588844,1.8894389945406267
131217,4.910465647660825,3.7838284897188577,1.7594269038816774
131419,4.986406612511213,3.813155117045959,2.471806224367211
131722,4.874987943910284,3.6068194852626814,2.0910513921287066
131823,4.836457860425953,3.517683304735559,1.8768561665505314
131924,5.051222911902284,4.0684887207845986,2.7897714598378087
132017,4.905737475199192,3.8505276364439,2.3280181871763515
132118,4.972705332302862,3.519059824461748,2.2547812944102765
133019,4.82391915827049,3.792400821554038,2.622356390517406
133625,4.91716271528128,3.8994710191823367,2.493670177346725
133827,4.603053162654737,3.861597078077349,1.917995639030288
133928,4.77387180349548,3.787718580264957,2.3602240734199973
134021,4.788514558234211,3.8711640105679863,1.8063279763069036
134223,4.768447949662854,3.3411138124637625,1.69680325593595
134324,4.857063175077178,3.516557277407416,2.1323860054890296
134425,4.952218335012648,3.5144364615512367,2.5073253169293093
134627,4.952531318048724,3.637783202642667,2.343191003455235
134728,4.896045875395614,3.5345320423482054,1.939302398989672
134829,4.833265881310337,3.8469848566062557,2.5210919173049238
135124,4.754031061412357,3.628310196399657,1.8680890527225715
135225,4.9047534661712975,3.2071036733094163,1.7398772661154485
135528,5.01610107356464,3.8418959358642417,2.83503942692411
135629,4.852530490045005,3.7327335309179563,2.1307646385875
135730,4.813589895861607,3.544998374024739,1.8770890867619876
135932,4.744356515736804,3.6701100718860635,2.2135369626403016
136126,4.870904959743697,3.519127351930529,1.8868608849671196
136227,4.9315589573861525,3.628818676891611,2.3871869450595864
136631,4.795963869376656,3.471595290333804,1.7441377486960281
136732,5.052822128400483,3.7115126619097514,2.5229850893623316
136833,4.720099875563426,3.8510636243841057,2.3140819027751975
137027,4.892755572197922,3.526915610945706,1.5641182823429258
137128,4.897368093276922,3.7028670213665724,1.7239657094228897
137229,5.068392925788477,3.9810158105185938,3.233575723913752
137431,4.832049248262693,3.703305126797965,2.3867213524446242
137532,4.852946914770115,4.038029761676996,2.9168027166067505
137633,4.94838892144552,3.6295476940824103,2.229490794926536
137936,5.0116902169485495,4.157884116566139,3.167562273774514
138130,4.890327755435355,3.2678742622870587,1.9260340207793571
138231,4.9891852146572795,3.509047889947535,2.5867311005730764
138332,4.8981767099966484,3.5727720948335002,1.5634787759182083
138534,4.788022761554484,3.7387198417846923,2.4358799301045595
138837,4.822404273311514,3.9814326433259106,2.470309346238979
139233,4.987212742590321,3.811458576555829,2.1793490128256527
139435,4.961711911725353,3.8227784525496427,2.150361405334259
139637,4.787524410988619,3.6620658848432366,2.0785902908525773
139839,4.966246756794475,3.720713006623447,2.2784686670248555
140117,4.978256471840532,3.7567411712169547,2.4247579587965404
140319,4.907461259506193,3.161856506190261,2.350845913138206
140420,4.758506859453607,3.5910347280585713,2.4721483383203857
140824,4.879985550098063,3.620173757392618,1.8351485525552729
140925,4.890124418597158,4.013901261573802,2.696077714732787
141119,4.794730634931833,3.8296765597299096,2.8819951197684945
141422,4.935615244493513,3.8639990202872214,2.4875021721302475
141826,4.971488415317573,3.5468442569504273,1.9678945706253177
142424,5.113897270537492,3.8241054077173495,3.072150000663624
142828,4.690326350271396,3.659340396235696,2.0062013578167917
143224,4.491851448891705,3.2690791594742765,1.6550743129048842
143325,4.964017842246996,3.4706171900485665,2.318091082802629
143426,4.8966068908061535,3.5941369499883633,1.9810148452469154
143830,4.938203459678878,3.5955732757797745,2.1138761724665813
144125,4.7909931189564245,3.800046602759801,1.9284010578668853
144226,5.007199837993914,3.492043308651096,2.402279841784953
144428,4.910531248597536,3.8398838661096177,2.4510226431756847
144731,4.965785266676404,3.7356782827112287,2.4524261435849795
144832,4.953370636791265,3.810129826325945,2.435239262622794
144933,4.924994384111045,3.720695987825103,2.6621669142343922
145127,4.993859287707484,3.462889382797928,2.6340285153788146
145531,4.962881976069814,3.6864515082740876,2.641793751665037
145632,5.002878167893081,3.7337041531209034,1.6260587370555084
145834,4.901098186147786,3.8585971894016358,2.576154874266076
146129,4.778077583407132,3.347459175005544,1.7162969796475174
146331,5.092394119847516,3.6496732063057507,2.465435068216444
146432,4.842758873982086,4.0450637247529215,2.6055177342819795
146533,4.827879052026454,3.1557857794204853,1.8377923902301219
146634,4.917168097163077,3.525831244025804,2.4863091527643157
146735,5.027027634904252,3.4328083350927754,2.7170402488676992
146836,4.973589006929741,3.828021568533478,2.23755949026254
146937,5.040175593464719,3.8120680743473683,2.8314297284112704
147030,4.784936305898423,3.5954061343799983,2.550347491806975
147636,4.841252910040739,3.7697453189582184,2.466128044229223
147737,4.988962000070792,3.546974546788787,2.422351278869748
148032,4.844170130910709,3.409591460168255,2.2082474129256515
148133,4.946069450001849,3.7138653864442457,2.5176396212490277
148335,5.091093519901761,3.785882849041136,3.0753680309775326
148436,4.921703890136455,3.392218404425816,1.375697733317955
148840,4.9946489798177645,3.854222020094969,2.4482212188015624
148941,4.961560678238684,3.557945208965093,2.047640715621288
149236,5.020864346856747,3.6759454339672364,2.7080615369638177
149337,5.037126848481624,3.8831421947726388,2.531309638949307
149539,4.9719175150021195,3.7393171412773496,2.3854358404068177
149741,5.01006197288485,3.92887608256551,2.193636965959993
149842,4.92062003303766,3.8929304217520317,2.007056913570679
150423,4.957551008646504,3.4660009437301125,1.8420333240719553
150524,4.929317142388405,3.529064890471965,2.367298124315654
150625,4.839670406046477,3.700041044272315,1.7435000223161417
150726,4.892450344660293,3.5709751996656323,2.047517561826919
150928,4.823714914504109,3.8699088646769155,2.560334881819638
151021,4.8768773312985365,3.53619139021519,2.415103060666364
151223,4.866291047745273,3.9754004985887033,2.6413522967337637
151324,4.959776776441695,4.056861021287157,3.019981987597697
151425,4.89491501584549,3.594031542832363,2.0754576121582877
151526,4.943717171793987,3.91770186825923,2.6362281342052083
151627,4.950126302397318,3.341323605407641,2.3421387267860463
151728,4.906580977815694,3.441074592966449,2.2208749124763414
151829,5.024338524082965,3.7782638110460534,1.850243552108767
151930,4.871724392840123,3.6141836470470836,2.4099143430826993
152225,4.769454006697257,3.504583573768115,1.91090813077851
152427,4.83478936314605,3.8349720475961533,1.9929447481105147
152831,4.849357331537271,3.444973062366256,2.1909640614074286
153025,4.8588046287928215,3.743392455574373,2.17289746044738
153126,4.983621118237472,3.296652644146637,1.8525398140302802
153227,4.956251606187911,3.5584475212793416,1.961178202646554
153429,4.884088258938002,3.6510570198077112,2.6414329808789665
153631,4.9491920073371745,3.7905397894434127,2.7255155145136696
153732,4.737195980725023,3.5977224544802158,1.26933606889757
153833,4.853413199626284,3.8031510064330636,2.6532074654605116
153934,4.913337094896099,3.8718630553630904,2.5905705789907376
154229,4.819745506224726,3.217380443668059,1.0439211877242889
154330,4.909732868652895,3.8786528865216723,2.56593850977422
154431,4.894640804401124,3.8759015378033688,3.0655971678687783
154532,4.963499771043631,3.9110235935869073,2.2386343136921423
154734,4.812936564717711,3.672318209623999,2.4535991602829994
154835,4.96817656941368,3.4312712020536713,1.6512875647054195
154936,5.058906506146011,3.6851122891815282,2.480676458957524
155231,4.999512052499429,3.804562401593077,1.8829864213134395
155635,5.065277786549376,3.5853970206285295,2.479344817794195
155938,4.732324514809419,3.6416721086035624,2.2671139967780363
156031,4.924387798109539,3.484879085206472,2.251054083715689
156233,4.892795810421815,3.562588353196396,2.115465250422408
156334,4.9294883390668165,3.747332939127126,1.9976494197453265
156435,4.712668327542048,3.781243512794672,2.4596280298733615
156536,4.9885206803670314,4.024531281426113,2.6923198012066454
156637,4.784871100982082,3.805927286996884,2.940797255959809
157336,4.993205495147019,3.4888768126478245,2.5235462677339524
157437,4.7401721172075915,3.603748224585825,2.4578761072814204
157942,4.910522621998375,3.5427615307534435,2.5153860565722077
158035,4.937167220236381,3.379274277447075,2.2090213832653
158136,4.966905216152133,3.6122286191408888,2.717443116781676
158338,4.973565278334558,3.9142327007938134,2.4270479794583864
158540,4.66596325099317,3.64593067717883,2.272083982941105
158843,4.947506854863591,3.833195966775368,2.182423120586025
159138,4.80068723646231,3.8916496244101992,2.2973273540777472
159239,5.057455897480731,4.031038379135746,2.984919155477676
159340,4.913890818249695,3.764169649340138,2.184016020296848
159441,4.832764186411241,3.8161394958832644,2.2957671964855604
159744,4.9111261262996555,3.5321791015645427,2.1226258541989345
159845,4.829073196095638,3.2101139705557644,2.078227242559303
159946,5.046383462483378,3.775933460161375,2.747026435313241
160123,4.794333647744503,3.1452849679505204,0.5976833203184937
160729,4.929263792245186,3.916151166564985,2.971190290365973
160830,4.875313218395843,3.7218521259516373,2.140592400238353
161327,4.892153238294894,3.7195792918661286,2.564668069120393
161630,4.9067899823373375,3.612886053610394,1.7789464270542037
161731,4.905390158342143,3.4298293236070228,2.171094419777408
161832,4.683181369574401,3.452135343717089,2.0717594630135214
162026,4.831827737691235,3.5616745329320474,2.3454257454927907
162228,4.89871866670413,3.4823500571313857,1.178301405713664
162329,4.917691779689914,3.7342865393886266,2.1437705095350723
162733,4.879304764804831,3.7260348087866557,2.4265605499678706
162935,4.988399847048575,3.6194341869089364,2.2145920771717345
163129,4.816516386853326,3.0989636021207163,1.7539757764161834
163331,4.855916230772556,3.4090392384964026,1.918059099110651
163432,4.954296892788457,3.5883144479013884,2.3725008148465463
163836,4.987434989837956,3.221404010736615,2.578667380655101
164030,5.068297176788212,3.8219625638562884,2.7798719353144037
164131,4.951776882623457,4.008529255749084,2.65425216146498
164636,4.984903261302755,3.998384741257656,2.7407649080376832
164939,4.946941468997096,3.368480309968324,2.203173398878369
165032,4.824881507482151,3.5789835715995904,1.9273397125305718
165234,4.915299282939748,4.024968257911398,2.777810661185895
165436,5.010526150054163,3.9809160231893728,2.758120890107573
165638,4.745319324405145,3.412877938899465,1.8591360465535416
165840,4.762029258064341,3.6619737152311407,1.9894120400119804
165941,5.0809505756339135,3.4493712330035775,2.6222762171884098
166438,4.901361145652728,3.922997995129909,2.3715640162666403
166640,4.8252623676751885,3.8453972363171096,2.6488117393576185
167036,4.992767036983399,3.9558358885808556,2.479885989100673
167238,4.790500443484038,3.927224565102458,2.5085384107272124
167440,4.988665810828172,3.7995059157766877,2.4203936203408394
167743,4.954818329089024,3.9128717600290357,2.117535557574999
168139,4.956843868887644,4.0612897475615215,2.7588559380148197
168240,4.947767539717729,3.367723854027732,1.9861698777048236
168341,4.782402845119417,3.9058702943044032,2.6077855464830066
168745,5.004914592370492,3.7803423044202473,2.9420118991484285
168947,5.050051327456336,3.656942162024731,2.4586306113227536
169040,4.900880781776238,3.7598751380911226,2.5121343790709556
169141,5.0124006856057655,4.07209216533225,2.34362316560572
169343,4.932721300895945,3.516130452900093,1.9816303889182887
169444,4.999822812445445,3.82115336166697,2.598695642320869
169545,4.737721595564288,3.894606554059854,2.796614926353984
169747,4.832945321765674,3.451315590317519,1.4016391080950146
169949,4.933158538579047,3.8562306944895157,2.5209318001126757
170631,4.766818680077826,3.9070904280487744,2.3136752253632533
170934,5.020250780275645,3.730934001819543,2.6306869148345546
171128,4.874342937630238,3.3677464028783475,2.273194293134288
171330,4.881930896558581,3.7374532093516013,1.947213922438844
171431,4.977644114385483,3.4367603205299178,1.7922417103298405
171532,5.0789128109451935,3.9288934206977593,3.1832760827819353
171633,5.031152646322927,3.627095510775032,2.2275903994578994
171734,4.8097612937488545,3.551243157824786,2.2364005899032695
172029,4.9964628117025445,3.879833845909372,2.531095591243131
172130,4.778922599271209,3.6884734778032056,2.713465412129968
172332,4.984714096028964,3.629583666891879,1.8833354878095296
172433,4.780145717343289,3.2559004551993342,1.5037738862413583
172534,4.80597584183515,3.682828869099611,2.34467901612578
172635,4.840024717190204,3.411911812719146,0.7253043144314897
172938,4.979423010631334,3.4592518437366913,1.810341577145263
173132,4.783024995078001,3.649923773510532,1.973918895232445
173334,4.831121580396857,3.8098726267094776,2.1068148458023535
173435,4.91852326865254,3.8628147379810946,2.2507563334400222
173536,4.823640792306215,3.5213751148624937,1.1169459115839857
173637,4.8063741549681955,3.7071025991020585,2.043997571752597
173738,4.739014154745818,3.4859169822863265,2.5110258209957386
173839,4.885021127359413,3.9455652097202263,2.775004059376231
173940,4.9800725448619225,3.493012146398503,2.6395305476594064
174437,4.943044997133364,3.608087603805746,1.5418966988607887
174841,4.91553733711323,3.2140498639260464,1.868432903458593
175035,4.855641518123377,3.8341146120908727,2.5342904544179503
175136,4.9890247135302594,3.693396451465987,2.5186640606051336
175237,4.981940392626557,3.921242911025551,2.590581185995495
175338,5.053252841742693,4.121562094714686,3.060726591068527
175439,5.010883076044813,3.5704576307435,1.988456693967335
175540,4.806515493424299,3.673281447877032,2.643623377097805
175742,5.010574419348501,3.586313965419554,2.70129887906636
176037,5.073321374768736,3.6698103159604964,2.420106625035839
176239,4.762738878760895,3.871649634354929,2.2364546953897086
176441,4.9312426089116865,3.8418841279011744,2.194545684091549
176542,4.893004649193035,3.9110375335149117,2.6612450401671532
176744,4.91851865673552,3.734152386654309,2.0632965235428595
176845,4.851302430924523,3.7154616264839406,2.0105984163793025
177140,4.925161764574289,3.9298294495472703,2.3169033392363882
177241,4.846587861717063,3.7542141206567337,2.5343372769431465
177342,4.943920863639033,3.559683083363423,2.141091963627796
177645,4.920928003764514,3.177487658621742,1.8869618085644848
177746,4.938637824670643,3.7569940328589375,2.0272198304412425
178142,5.022255378423458,3.7414250303956478,2.7593889227988457
178243,4.816116338601111,3.6756373219266645,2.796753558514753
178647,4.9110056837866916,3.3537066695866162,1.9061016919409755
178748,4.896208484598197,3.422612857863416,2.507427499697493
178849,4.862680900902324,3.148760166530291,1.775576265670735
178950,4.935821933171394,3.1848188188853204,2.1101990837414304
179245,4.748256743429818,3.650373221298452,2.3752503123517013
179346,4.915621818026705,3.672382773754141,2.483523792341729
179952,4.834668608588239,3.921953707744552,2.902649734807132
180129,5.012868843422702,3.6474934733008926,1.9454248606879225
180230,4.972510929127831,3.9303610860529616,2.7697508030998192
180432,5.033859443646358,3.5094367662441055,2.6291107029479206
180533,4.82880824031578,3.484077545319224,1.8794005931621236
180735,4.708664761387234,3.468825804388904,1.8334652940617386
180836,4.853781406422618,3.686821746484488,2.676159237065498
180937,4.907526224447944,3.976707569249591,2.865448713450531
181131,4.848493281581854,3.4405242552976922,2.48130833761729
181232,4.9620102302055935,3.209536718835548,1.9070902099582665
181636,4.953641532430517,3.779057163434474,2.4291126684663946
182032,4.884781158006036,3.9452125462940897,2.5896437476009146
182436,4.831403146095768,3.7257800550379065,2.183151896208109
182739,4.826776722993231,3.670586666411419,2.228884670263391
182840,5.049283970277803,3.9819795293628952,2.812601693302091
183034,4.8391624457731135,3.2315192519582427,2.538255520469584
183337,4.906228011130508,3.5655732230188297,1.9291730280026422
183741,4.954937866808061,3.7196282090299997,2.722775605449103
185038,4.8932051660679825,3.7488998561324345,2.5283293751574667
185139,4.982365147589703,3.663002964362681,2.4766066504902966
185341,4.962475196542543,3.656711810782148,2.3942152391044544
185442,4.931655898847345,3.6289466212771546,1.917428932559816
185846,4.839015717681154,3.8683538703897606,2.1737789711638933
185947,4.8646769231191245,3.7758256942550825,2.6268827140552906
186040,5.01554262925681,3.704234257459924,2.0698707902582316
186141,4.93444067843779,3.8133768591116852,2.292092403355577
186444,4.861622792593648,3.825469984874184,2.6034732746501796
186545,4.890066324217507,3.8582714989826776,2.5435969171692485
186848,4.93820459406806,3.5058098302235474,2.648939062090921
186949,5.012867929031205,3.7837206350648924,2.594418669745909
187143,4.85403913287919,3.7406805950489157,2.2415968488854148
187345,4.773489018535074,3.3210624810264195,1.4348628030870494
187547,4.816538274754985,3.6778853147745916,2.1823546817130195
187850,4.9519179760889545,3.753651874548549,2.4554895370307364
188145,4.876984388465693,3.282046086560239,1.5685931481410886
188347,4.832289264061765,3.7290542173398955,2.211017357243071
188448,4.966385518445047,3.4731976644498306,2.094025757943077
188549,4.846397787648713,3.4996086071743386,2.1633084784440797
188751,4.759840015464616,3.6975118893744012,1.6164344281824745
189349,4.942495732861077,3.9106220872139494,2.2429641010543437
189450,4.840773842737417,3.599025458036144,2.509937382770277
189652,4.993576235863895,3.7247801397647495,2.2802472904363955
190031,4.745138957844186,3.547771639076013,1.7161108384641872
191033,4.857583166508473,3.603477002958803,2.322244429667924
191235,4.81348197322684,4.007676387863733,2.9421436673627475
191336,4.842862940477351,3.7913309780254583,1.7431532102416787
191437,5.006864401704878,3.6928724024665627,2.7999654476111027
191841,5.009582893861095,3.816548301734342,2.502389579883332
191942,4.9372362319283765,3.816459694509515,2.635288754584215
192035,5.022764121227014,3.2487793072344435,1.095789138994827
192136,4.933939149652744,3.363237838777687,0.7581365660882737
192237,5.0315286766046095,3.706141616958342,2.7423350174975623
192439,4.8115964430492335,3.4950363066054924,1.36027340678062
192540,4.840843004531116,3.7397389393519456,2.1961782441938147
192641,4.974885354057966,3.6791054785925716,2.418329499738811
192843,5.041751860381555,3.908745979823768,3.0843677077447738
193239,4.867145280581894,3.4960700036302206,2.2397931466355048
193441,4.804125169186069,3.794710302009201,2.2146758181472563
193845,4.8200594454992185,3.650197487435947,2.0331315673477968
194140,4.952589787650603,3.6127537374423073,2.069767949015952
194443,4.94930382351215,3.663756601548664,2.2515399039021275
194645,4.852564816590218,3.7524923587660632,2.321911407710404
194746,4.936928182552352,3.666056885365878,2.8802628892380655
194847,5.008908756096621,3.6591859342569553,2.111343754215076
195041,5.126073666288724,4.239071807004784,3.057334077624246
195445,4.82921394790044,3.6295849515228253,1.9354043613367227
195647,4.975831058169374,3.601239889846128,1.9191076111429894
195849,4.897941217180312,3.7741065075355054,1.6868067653350527
195950,5.060242366670943,3.80033794253213,1.9690836955974869
196144,4.941486885841329,3.6510046129199716,1.5237694721714923
196346,4.790896529447524,3.4689556732512954,2.662563030279452
196750,4.843576892586252,3.315617192290883,1.537552404658778
196851,4.712582196370216,3.6323934821078194,2.236774331740193
196952,5.015244663826467,3.415454660811599,2.5555339934087264
197348,5.11044578876224,3.7800547824072988,2.804897233257558
197550,5.031441556361036,3.507436133981138,2.5625307072006995
197651,4.903274458531782,3.7345429018402503,2.2044423556558552
198047,4.871670630547873,3.767222320277233,2.6356669778783863
198249,4.814950180173597,3.919693269120976,2.482306862778564
198350,4.689372766700703,3.817719029715368,2.6468162275797216
198451,5.050165449369138,4.10204389250534,3.3701099049686785
198653,4.9174818594330025,3.866923268367367,2.4758558659704804
198855,4.972591175042409,3.6037021773750637,2.0555856821721177
199150,4.788890234076279,3.739391518871934,1.9416362837231187
199251,5.001718433771578,3.688348032477181,2.247993736998283
199352,4.865263886030393,3.9127455161517775,2.114207637984052
199453,4.7990532755717155,3.8428228243653506,2.3412944133044795
199655,4.921082013175249,3.4981508192593096,2.0767919774242376
199958,4.762254569211258,3.668871721740906,2.2899605051829717
200008,4.963630788506937,3.916642776017082,2.297698058275326
200109,4.920522307406824,3.7125537909379958,2.2214931243007285
200210,4.899510127041559,3.6833485400379624,1.8017804381139642
200311,4.912692114954434,3.479059898102444,2.2748074170066848
200513,4.737036158104408,3.7251271292045858,1.5143887833264382
200614,5.014615067292341,3.4495253276714317,1.9797031084585912
200917,4.914593490236786,4.1746438093015055,3.16979583458808
201111,4.787314301928126,3.7121187746965063,2.50226655924448
201414,4.799112039314924,3.7698373667950755,2.2001679988365974
201515,4.910472766749597,3.757469311685327,2.2527657628993083
201717,4.890133763216235,3.5345587729019963,1.9842809351019297
201818,5.052139908460879,3.720781049652747,2.2429196385480927
202113,4.7282401869354285,3.7543949451698624,2.152345622621753
202719,4.755762761017334,2.8864867624414745,1.761588848787268
202820,5.060188864752993,4.0520560777468235,2.7926831317971517
203418,5.065199280013411,3.7497015227165993,2.0126173595011845
203923,4.782026025067963,3.7012879408675294,2.1631448674362055
204016,4.925526461383208,3.4914293210619602,1.561572468148298
204218,5.041791305537179,3.6332302983892153,2.628248555107383
204319,4.918696983234478,3.8162261939614806,2.4425436177724866
204420,4.963707163330329,4.014169827428042,2.9135266049137285
204521,5.078843956275028,3.7009230425528385,2.3087278173884513
204622,4.9590407683936215,2.7959413238967605,2.4110365785592958
205119,4.98159230919137,4.036041962663376,2.7129034984282416
205220,4.805696907998619,3.626230841338831,2.0440848019292535
205725,4.9999199175769,3.5888849908490883,2.375797061934898
205826,5.043504201805831,3.759758309774981,2.2907021511149903
206222,4.724843225642511,3.5964324050914027,1.5729496406809182
206323,5.078078790933111,3.658354197270391,2.2011090674454126
206525,4.691696301477218,3.5823595043336303,2.5194299793383634
206727,4.969265473926423,4.02155349046507,3.0502142136770916
206828,4.741692077002049,3.5370027453937674,1.2279710836681643
206929,4.8612579235382105,3.6751529479811857,2.449074699002281
207123,4.843647009273665,3.5411496688265527,2.8284093679816324
207426,4.850519784307937,3.4355541960883413,1.8025957906559908
208024,4.936737614916917,3.874585075922131,2.4948267794443755
208125,4.914129420550208,3.4807971510049334,2.0997952176595445
208226,4.801074806436491,3.4584209558325107,1.9435487454623046
208327,4.969191002913782,3.89347292870594,1.8327181747416008
208428,5.067411292038254,3.6318421882286263,2.8038103541837267
208630,4.707652890242972,3.158890470517938,1.8627865165997057
209127,5.025888160310898,3.9565130519716827,2.4921120828942813
209228,4.945908257250832,3.828487999304887,2.3327385740539133
209329,4.974701355620295,3.500940319286077,1.6910886983668707
209531,4.992147087594676,3.7779392753379977,2.509579597450781
209834,5.044015886148681,3.7450214344798236,2.4845371906148377
209935,4.902070159583982,3.717893375044748,2.3551295316274765
210011,4.942954951252513,3.829956430540882,1.9563678536309892
210112,4.772402111666099,3.409281699743978,1.3065362267898746
210415,4.882920808189512,3.6645662935128667,2.338626715267171
210617,4.899214765271483,3.7064194382240068,2.144948139448069
211114,4.868330464757922,3.532642529228639,1.6809840404434782
211215,4.860507078207106,3.8364472142516797,2.586279560129372
211316,5.000587577170875,3.722605863405739,2.2103218587053166
211417,5.013921856945711,3.73274323991677,2.2570464311386367
211619,4.846808696944351,3.6821753364924383,2.5019364803174238
211720,4.853936663763187,3.7935918096224444,1.5603089444026939
211821,4.829421272287784,3.357853119801876,2.2481681854166538
211922,5.013768292256546,3.875079008771955,2.841164101232832
212015,4.8969019289823095,3.526401835889101,2.443776978069034
212116,5.000123971030733,3.5761430324145786,1.693329848826111
212217,5.110114956530986,3.752042240852501,2.7358304722062226
212318,5.0348259235577855,3.7903212340283106,2.1462037798060516
212419,4.8649054555130515,3.7831547136097576,2.486453730828824
212823,4.906635740843087,3.633845624848592,2.210715615530779
213017,4.896780909998693,3.8145189970383147,2.209124555300247
213421,4.83566060637703,3.95065852540199,2.615290888377477
213522,4.820793357893793,3.849478250245455,2.0156751764068703
214019,5.023896025298212,3.509292814834116,2.129819166489845
214221,4.763258264046105,3.8769159389982497,2.0336119457452724
214423,4.548052965954464,3.5529366919106895,1.5019460449008935
214524,4.900923182137423,3.680255905531393,1.7938012003044148
214625,4.9252364386403436,3.7127595873640677,2.2424133670624484
214726,4.982641931338535,3.984954541834681,2.743009731887213
217126,4.879162081694952,3.7981242104234076,2.473526108034999
217429,4.941069788425465,3.4924639653041067,1.8637309000679798
219231,4.951200814824403,3.613108286687463,1.8694769898206411
220721,5.019738670361033,3.944922021124041,2.5346839236058525
221218,4.820697156376356,2.797941468435477,1.6808244654462219
221319,4.831061347510915,3.5799183659594838,1.4658182306110372
223929,4.8474757872771965,3.484925843072213,2.2359110399816893
224022,4.875088923944393,3.9609640434798874,2.9373178855213333
227432,5.042125827176552,4.078742334354617,2.8099143999189664
227533,5.019597673365893,3.4968662128913035,2.2470052818782085
228434,4.820396099470959,3.425239959992546,1.4410807175460163
231928,4.8190697395729565,3.659581429612503,2.3035397892406833
233326,4.778542759001059,3.4016258581575576,2.488264190738072
236130,4.976692369883147,3.759639003016588,2.45884208918295
237334,4.974601991829418,3.9705526272655947,2.4959437064711976
238033,4.833560315791131,3.213014466162365,1.465147154138974
239136,5.032716520484243,4.022884340332336,2.889670383314082
239944,5.114169922634743,3.8904705055322877,2.762792315444313
245333,4.918487759038235,3.3868586570133776,2.076736721211737
246133,4.925279270222923,3.940389469900125,2.381064945617028
248339,4.910099977651745,3.607139922023172,1.2390256782724551
249947,4.961905781690391,3.733404774873695,2.438014284167365
250427,5.001092514705367,3.5566883738478654,2.821668087133063
250932,4.915966663355156,3.848922608050463,1.9561555606527785
251833,5.0270159518822375,3.327731003241435,2.4643397213458305
255639,4.99383411497307,3.687894156492406,1.8441456252710118
255740,4.916487241979581,3.5365970252222025,2.1850417854190516
256540,4.902837996654473,3.6133075647542756,2.319659283669752
257542,4.908340438499422,3.281900588038872,2.14293687137121
257845,4.971015407471068,3.384173105164628,2.208722645075771
257946,4.864171975795292,3.5526926621866552,1.2604728039902466
263436,4.9110033972563905,3.642482688397484,1.7783295327430562
268749,4.837621710118735,3.7385778649365005,2.479224953834856
268850,4.891102587013605,3.7800191111420784,2.7128446894175733
270332,4.812067821971064,3.3261305372283227,1.8418521401164185
274542,4.743722769612021,3.4554912763365113,1.5952040236623004
275645,4.718841503484873,3.728486886302658,1.703548776941298
280739,5.002205169496312,3.319869396162623,2.317152513977028
280941,4.9279380233414924,3.2651877279675183,1.9256920826046868
281135,4.862574544592612,3.6554940172867423,2.3390359726929377
283543,4.921474616744001,3.5284508575756637,2.514485540096932
284646,4.94817578084779,3.710858787912422,2.0412766774712545
285345,5.025152941866943,3.6233938504715697,1.8797698993875553
285446,4.934109091591448,3.576269418985999,1.9367800175811483
286347,4.896069375389843,3.96125094110136,2.7392908178003297
286650,4.9396525997123035,3.957115916462869,2.661881924170592
287248,4.8080482782268215,3.9878143845345013,2.6258403343974597
289555,4.8837246762532205,3.269679945496261,1.9692622017602623
290136,4.946006294231996,3.7617501199214685,1.6988355465845002
293748,4.950658275064356,3.343222127842347,2.494289127708453
295146,5.135787642166956,3.940415080151445,3.166648377600802
297655,4.9366499939827895,3.489289915314663,1.8255332171686824
298051,4.914008250549759,3.8810599811560262,2.6747956802292316
298455,4.8392551108309405,3.5053849256386824,1.96133389467836
299154,4.860813412087289,3.5695953113772108,2.215548137306579
299760,4.859333434102011,3.7395340155590535,2.11642513755897
300618,4.734339539113357,3.581276087023663,2.291586568205832
300719,4.9772233947600055,3.5717662937055987,2.4057853672017617
303119,5.018927252425618,3.7486699064313393,2.709434701882944
303624,4.77068450391718,3.6198018331293307,0.33364643838470626
304020,4.7105174701105925,3.7012771758772045,1.966455404198305
304727,4.867374736241217,3.544662358662086,1.2949303287332563
305830,4.7637414217242515,3.376595453541253,1.9643112117457158
307127,4.95137048833661,3.510304444040785,1.697000098005827
308129,4.932876779082893,3.7105076123026204,2.468647964543565
308331,4.736508982347779,3.617938270726314,1.9232633078504322
309636,4.921755858123104,3.609951591959878,1.9900361279507395
310621,4.9458536766225745,3.7378827441809115,2.2978061832792274
311320,4.820182231261505,2.677277013187939,1.6922076280959912
314225,4.859235861528113,3.879771586185365,2.561149549014687
316633,4.806418860108331,3.4942273129595995,2.5647245688288365
316835,4.977779123713962,3.8156306862302376,2.7828172675854086
317332,4.8987100003251935,3.767226815595116,1.65410493742647
318637,4.8375584539347996,3.8739474221594548,2.43349564733851
320826,4.8806852028918515,3.53028255960461,1.932134062541639
321323,4.9030747852258445,3.753946402347368,2.282999874741787
322224,4.94977014737998,3.7003266592309876,2.4510373038254056
325129,4.90823064660212,4.013762429317211,2.6855180048309113
329440,4.9421189519997135,3.745155409597374,2.2880962430065916
329844,4.95295264767375,3.5507236553027406,2.3098086650821092
330324,4.995232003624045,3.8267723825038718,2.4008054390692144
333330,5.052026818926992,3.76983959291445,2.653995803586143
334635,4.771704817208656,3.6912254978732126,1.6399908499248956
336841,4.744663134623279,3.7851350205803165,1.7750991026764897
339847,4.976278629801475,3.5432886097430147,2.663879157889423
341834,4.909618012907246,3.8821270424766743,2.069867951198969
342129,4.519792117308524,3.7220963518170116,2.612154183289372
346137,4.947841513175604,3.32752611267761,2.0729265554681047
346945,4.971636067865275,3.903776061285649,2.6425335198081865
348545,4.872652410098953,3.9315853173426984,2.535519207335867
349244,4.883834799069641,3.781498577167235,2.3363608829265687
350330,4.9790628815157,3.771416974148621,2.726837262963525
352132,4.896149998599066,3.7214623899800463,2.735407552677775
352738,4.900405034532488,3.519952974845984,1.5412237034639404
353740,4.872359282489709,3.994133978361745,2.7277959520677353
355239,4.976263727632358,3.4765489021053586,1.9710197526219384
356948,4.804922892668076,3.0697834184623773,2.357040591109492
358144,4.856594984737314,3.810121275713097,2.4503110079196264
360030,4.953371256860199,3.6778713909089844,2.080937445971524
361234,4.853477551764788,3.3506306287696836,2.39169174329295
361941,4.87894259357977,4.075181542204336,2.4487774470422057
362034,4.944762773050823,3.880575206979813,2.438650650951305
365343,4.932037542249786,3.7606216106960115,3.0137303694771798
366042,5.00332186157589,3.9156608504952795,2.6235385179369066
366446,4.807795239136136,4.018874344836902,2.328883410486958
368551,4.960908712437555,3.860176575062051,2.559667516126385
368753,5.044583372815039,3.5670766782303054,2.621926553165708
371843,4.941385184488707,3.823058597419575,2.86195018746324
376247,4.7765292931486005,3.743666340227005,2.00683447133338
377451,4.757764868954826,3.8916349283059892,2.379811060522924
378756,4.816412869177059,3.3653547741273693,1.8367987260614431
378857,4.918818242463661,3.5793307979453397,0.8715650487675712
379657,4.891779799873333,3.775723293752344,2.827406956799027
380036,5.016759165536904,3.9363577621679564,2.4767829117848623
381038,4.9831463115530035,3.594782890111904,2.7533611041379515
381543,4.8950689037287285,3.7500395006049954,1.9665552611200434
382242,5.0075168946936754,3.368718889972477,1.264481805700935
385046,4.9227069951011,3.5315988806424423,1.9615539414725367
385450,4.847607930633385,3.5361318211655735,2.1454080114407996
386250,4.899347793665024,3.7281297101665216,2.648030626545366
387959,4.815122185547209,3.58438675775143,1.9424583375136686
389357,4.912322710983509,3.3283491486909127,1.3296229552372107
390645,4.935561805601378,3.892715672086875,1.355950671495778
391748,4.996059042038397,3.50288688751622,1.9914209996803762
392447,4.919043623070139,3.6785873903119723,2.502220324229266
392750,4.928595305239376,3.5554364425727845,2.2026344328335963
393247,5.008691826510087,4.084600468867662,3.113346556084663
393550,4.892379518068007,3.8224580638450405,2.800270922880774
394956,4.903744775655663,3.800429178886223,2.5019005285386755
395251,4.982421371211065,4.095588730899229,2.6029798594465277
395756,4.893398520940102,3.4799037531719685,1.9208324865209536
395958,4.734769455169806,3.4781360491917175,1.8235324347173916
397154,5.013359743606988,3.49643229364451,2.632559396739673
397760,5.037143843548989,3.567634670884258,2.0665574120704853
397861,4.91371930997345,3.4584608168861193,1.877855153294631
401422,4.981269703239858,3.679646441992565,2.567355581974269
406432,4.832295685884229,3.49752888262672,1.3598204318971319
406836,4.837620034383236,3.502852337957039,2.2784719827451747
412528,4.876725838729347,3.7170103353946904,1.9338165338114415
413934,4.838509380432063,3.757221861998028,2.1079042471642815
414229,4.961415961036263,3.92483687437768,2.567684781179537
415837,4.9956867423287346,3.8945471048659925,2.690173718354496
419239,4.896448265343519,3.5906383129640274,1.9484152997049982
421226,4.867506392062528,3.2807809807197432,1.823378956268028
422632,5.0002087191085804,3.774102340085171,2.504879998553405
424939,4.755771287375798,3.327631926013973,1.911142215790768
429040,4.955274846089362,3.570256068693125,1.6789973533221305
432332,4.921685690107802,3.521537663785993,2.278965646609173
433839,4.995129404159893,3.6975481376497386,2.499200703734733
436239,4.933478951262344,3.195686922833833,2.1116974689019017
436845,4.940268872919122,3.9514309716779015,2.912271063954148
441939,4.979525319927852,3.777618178247548,2.878965611134562
445543,5.009327941899441,3.562570328059494,2.566995085959455
448347,4.979684542853239,3.895128084806001,2.849480996805193
449753,4.790536040333923,3.6625946527810047,2.1393288999624627
453441,4.901299870943521,3.9725073463245564,2.5664363000867634
453542,4.969359688453282,3.587199521887881,2.4044989533996737
454140,4.818320730702146,3.4248382041667362,2.0985200786049716
456346,4.953377869448068,3.906754748692082,2.5189698273750105
459453,4.894026041220392,3.008206430311445,1.3610610125988687
461743,5.0099007547842715,3.52295111870912,1.947832722267153
463040,4.753491460894694,3.0034414713577937,1.4052436044285062
465852,4.899625811578578,3.4857597322756173,1.7423102429961754
467351,4.996540035817473,3.674169911478844,2.3674126384865617
468050,4.969696709664961,3.861768891026354,2.32197808173739
469961,4.994334059087817,3.7101344996847008,2.7547961354540162
473952,5.042691516926661,3.4104368527274977,2.172205259416018
475855,4.959505943941919,4.040571397495993,2.8919007469370284
479762,4.777872900191522,3.8376617165908957,2.7688973551625726
480141,4.708778219198846,3.4925937728373415,1.850812792596901
481042,4.977820118715628,3.580103070877316,2.5675482533832596
481951,4.880693925843163,3.413058760539136,2.215685213507365
485757,4.85121010873181,3.5091113007313104,1.6466460401299743
486759,4.769798376570113,3.897845655451921,2.1265842932634063
492754,4.904039675085353,3.493707942952443,1.761134908146813
495255,4.683004608658966,4.018962604745267,2.0656988348936483
497865,4.634406326786936,3.765095589134346,2.178886043519409
499566,4.865894187572405,4.0255457403481385,3.0006212688734144
500222,4.760080564695557,3.518970406331463,1.7407944351098892
506234,4.860461894695535,3.4551129381737455,2.1146151472699724
510225,4.800631058022942,3.6653851229996133,1.6326004004205847
510326,4.871557091027501,3.6503961265957736,2.289004748035662
512835,4.9086921581651435,3.64241103426316,2.3575415525363193
513130,4.983313028404552,3.273177361527723,1.8705681786065873
513736,4.972982767912009,3.8618490316481724,2.53561574874585
516742,4.945596178160842,3.882806815031837,2.217103481270303
517239,4.793372586501995,3.995786391302607,2.3062040490847653
518746,4.973105364087017,3.33659357737929,1.6537744107372483
519647,4.959292877250565,3.5924552776450933,2.1325554017198183
519950,4.878392240616999,3.462039205763516,1.6335776865087117
520228,4.945881817877568,3.5481008941117556,2.309969906363858
521331,4.7626956121909965,3.7698860717752836,2.047430287508654
522434,4.925531129260955,3.364014104021069,2.5228505060041226
523032,4.784544922409528,3.709221404968616,1.8496039775563613
524135,4.823649753741384,3.500879036562011,2.4024846683792784
525541,4.9901322541534165,3.715309871601856,2.716992425542828
529549,4.705305993274655,3.686794418635124,2.0073746946318645
529953,4.733159567860643,3.6992258490876133,1.9539254711498542
530635,5.036217255095,3.8236395496862072,2.6275599633424913
531536,4.9764896388260675,3.7680445175827373,1.6499878766199803
531940,4.934720697514093,3.963805384378396,2.287021687721072
536647,4.891848847394833,3.6029732105848993,2.2851833924321117
540436,4.646859144006959,3.3890553285535323,2.565100628194123
541640,4.9815969114854015,3.837910479236581,2.131016104899542
541943,4.825275924419024,3.7184990107701403,2.128174915165654
545345,4.794739219332274,3.8657544466562954,2.750922650731641
547046,4.952524508053579,4.1142019833761925,2.3135208746257425
548250,4.987238255548991,3.8348895058288806,2.2864997542284007
549757,4.9032076316096855,3.440283730927191,2.6107295839377893
550439,4.866352117803523,3.873556956823301,2.246527826250288
552241,4.829092347806998,4.013199507944265,2.4518064135862603
552544,4.917115099172753,3.4213749977778427,2.1272349903536654
553344,4.852614906033857,3.5552867355194486,1.3900397129125053
555348,4.895822939052975,3.7390878546758213,2.3024538651080877
555651,4.908898923722549,3.785763443025844,2.284969788172391
555954,5.0898848993242956,3.8078359321110127,2.2691562299817387
557857,4.941209089989362,3.4700386991164223,2.7353384777567484
558657,4.918097639698634,3.817896478842675,2.797062079010685
558960,5.049189720513002,3.8608826356479837,2.246233796439211
559053,5.030667020092819,3.753501943175681,2.3242958313413453
559457,4.697736400119565,3.976438146641168,2.8943911680307752
561242,4.891244964888497,3.67982354983341,2.185411685091415
561444,4.846858438437786,3.7652522212609707,2.2668335317340076
561949,4.865312236439222,3.789666906275566,2.4404500732893757
562345,4.794968909203282,3.723325530383255,2.342814662817619
562446,4.91497033590352,3.617765213221619,1.752099231719474
565452,5.0952996449728944,3.5569562895914855,2.5459813366274973
566454,5.1719477507108795,3.838566821869546,2.7608662913157054
567052,5.023191448635382,3.225964819587123,1.9989799119713378
567759,4.887066327776342,3.478504729767883,2.18927333266794
567961,4.975129619822095,3.652107437479965,2.119478391267617
568963,4.998794175566634,3.3336707554484435,2.3320121156724856
570243,4.970857843091816,3.3161853983992207,2.2238257998887225
571144,5.007377061236139,3.896962829044557,2.651363563476941
571548,5.104652811659656,3.8593074127487514,2.443855804070901
572045,4.878972684066364,3.733378258658437,2.2000294328996617
573249,4.949093710351137,3.5680820796624024,1.462802481309725
573451,4.850603856867542,3.907240808303176,2.182382448671117
576255,5.033464387590647,3.263249512789257,2.480558890367167
578057,4.981724974970861,3.5145088339282435,2.294983129083855
578158,4.785928230248254,3.5792017023202995,2.116023960962474
579665,4.889610465709226,3.7685363438120048,2.3858649055235532
579867,4.957445633881626,3.634420639914865,2.183816116605473
580044,4.8960879912124335,4.1217726356289734,3.035942085554504
580347,4.960956504538824,3.71313460781919,2.1549439197356697
580650,5.027987633930226,3.533369384376282,2.098382368338206
580751,4.77662831291623,3.7151792119012703,2.301750791823162
581349,4.527006885915254,3.3462043699853794,2.064609846142164
581450,4.936890792454228,3.913504718031691,2.6791496004719235
583858,4.901488939822776,3.6231739264918335,2.3855558060328343
585256,4.891753450700241,3.1178729618519814,1.5295658734840054
585862,5.021155171234842,3.718749253521581,1.9951086519478478
586460,5.015993547770638,3.6375231772615346,2.3898652368613487
587664,4.82048826023632,3.812140899661896,2.264279657994887
588565,5.01283646768382,3.897858834000726,2.124231555305882
589567,4.8263481828613966,3.8651300755478637,1.6988890243790558
590047,5.010031918431009,4.128729379835814,2.762980541762617
592455,4.984210289498175,3.3346404942382786,2.0895451080584286
594156,4.8768611839440865,3.431905192470705,1.6909504332696863
597869,4.822303741045741,3.5368993268667586,2.4748034145914035
598568,4.695323220932233,3.6754249551620983,2.711063573649288
599065,4.941212486248223,3.561318126102511,2.5009727809526514
599469,5.110724833190214,3.84656734490281,2.3380117705441243
599671,4.695721736417882,3.913346440640599,2.7368136477062457
601127,4.907773366495923,3.758734752655789,1.9589138985858274
604537,4.975024247622937,3.9700591451826637,2.9141266962733265
609143,4.897803917357735,3.5568599926597635,2.307038593487664
611938,4.993807205432289,4.047969479716578,2.764859173987635
613235,4.995220230529685,3.6017294830873086,2.739694514423101
613538,4.762942188023531,3.560581541790263,1.8652513036256755
614439,4.884645048905454,3.799648278351374,2.514331754551254
615441,4.936817383173112,3.6966307798318785,2.550692993869037
615744,4.971828098207346,3.4844261115661195,2.2297181353599513
616645,4.838477642987761,3.2636477169754246,1.4529037499282114
617748,4.955237752639747,3.536795303154444,1.5938129836387283
618952,4.752869723678375,3.757699974193367,2.4629731581410037
620434,4.944870178641564,3.7769076817674985,2.2303156876071157
622236,4.947881788723615,3.979780859406653,2.8211097485755094
623137,4.849560972646042,2.955163437795517,2.018134096537181
623844,4.896718913258034,3.5013312454993017,1.3317951299752229
626648,4.930863307966456,3.8712595758313104,1.85496579103464
627549,4.966299296854587,3.547412106455601,2.122713662818426
627852,4.8966894487272405,3.7447635309269742,2.0832221853366297
628248,4.948465272671074,3.5512494737168745,2.170229158494384
633847,4.838354279932781,3.4192608998099483,2.0273115673776703
634748,4.93283360180216,4.0573998907740405,2.9881376868203993
635245,4.895515266654665,3.737986817734606,2.0796256849227346
638049,4.8644805716842106,3.4056568885958742,2.2642086201199523
644044,5.023963021501721,3.8660364877428113,2.813588130579508
644246,5.076132385525747,3.5449826223976015,2.2136139156566843
645450,4.826808473281619,3.8042876655821525,2.2575967404402073
645551,4.767347269500206,3.7195795709742643,2.2957709860701994
647858,4.839105778641125,3.768391699141074,2.2137203527173233
654350,4.9193706280755665,3.691566131206976,2.169260324341471
654552,4.808864195860201,3.3797599594131897,1.9475305802429306
654754,4.95844168206014,4.076423739468037,2.583778665790851
656253,4.951746966999372,3.2827045847543976,2.5262814249465237
656657,4.903283419690249,3.889081521530814,2.3500671424366666
657659,4.899427835646868,3.421098937156236,2.1944753956428062
660951,4.997055168636739,3.6856065098723056,2.752666500442552
662551,4.856441110500515,3.890714282873818,2.4133014037765776
663755,4.917790720606045,3.627747840984039,1.987228897627094
664757,4.9159619222145965,3.91081318797042,2.960766816022769
665254,4.8186604977419085,3.339700428375231,1.7127161421383579
667056,4.929214750285681,3.519080923137096,2.642198796696564
668361,4.767003710760125,2.996401896134138,1.247234036301959
671855,4.922332433390183,3.705682782243215,1.6595770362925886
672756,4.844275956759622,3.8625729075759354,2.486908080614232
673455,4.982864641858736,3.6559395849894334,2.6344480135136195
675661,5.005072879289458,3.8561360471760504,2.937013474870362
677766,5.038659299747219,3.9615792664097316,2.985305431831753
677968,4.96058164139012,3.8484658780393954,2.3218870439137964
679568,4.999011726459627,3.3157904583284203,1.4649359805069182
679770,4.944165771650475,3.81601473850678,2.4846531166550956
680250,4.92187252995932,3.14479609462489,2.392490854718504
680452,4.951457377200328,3.5949570496805,2.0358937419936356
680957,4.943309739987328,3.755001753723326,2.346566882427505
683256,4.955757624395777,3.0027484231342085,1.8943679303326897
685058,4.964678915643835,3.707826672259186,2.832449403275686
686969,4.711703269577792,3.77812754225252,2.6596183300705247
687163,4.962537735997059,3.3802524456956022,2.0537448039657495
688569,4.966547132195784,3.996446154289441,2.624176759563587
689470,5.071759030753604,3.814796689175907,2.524558874898353
690152,4.716230112522303,3.503448916849664,2.0769624925334975
692964,4.9004522991927795,3.832606443345267,2.6132527272256127
693764,4.81065674653557,3.9200765138195397,2.798467394053393
694362,4.965822803564783,3.877708733686998,2.445412389596007
695768,5.014749294751419,3.598895084582776,2.609741580111223
698168,4.737886825521361,3.616306363018685,1.9588584980179133
700634,4.85620899601883,3.790756068312947,1.9739418524777461
701535,4.9438367272041726,3.3646776202725275,2.0432796281774817
702133,4.91150878529808,3.625682988733711,2.3996560521349877
704238,4.863785457167439,3.565681078795519,2.1488163004120375
705341,4.863952725259432,3.897918606963766,2.407607344535432
706040,4.984949157413426,3.664464434177415,2.572110852345284
707749,4.834360406511038,3.5113179563303305,1.3588161389488087
709551,4.989163702075517,3.6025811695567205,2.4459474485165362
713239,4.820110296679556,3.5087066623575622,2.402417677198906
715041,4.861546637660421,3.4646176436486376,2.1668162597806915
715647,4.898247927014594,3.633917887952717,1.8608456167738376
715950,5.0468991589961565,3.8161108746791026,2.4983326567145623
720337,4.8787377235569505,3.8609259940272107,1.4394700016203361
723141,5.010343307476525,3.6023198076696397,2.346545803666582
724446,4.941225313652189,3.9071650736623402,2.058873776432879
725751,4.832192797065469,3.8187775094230823,2.554141374333268
727553,5.011783735477138,3.8805108059696614,1.9384649548670518
727654,4.880900275948685,3.79663547991651,2.1505767060861642
728454,5.074926337091565,3.7366895440399888,2.8560833093962747
729254,4.812280916140528,3.8310869565671566,2.162590169261014
729557,4.900709858799729,2.9792868216606183,1.7345610021367346
731140,4.955750670220748,3.9221867089239315,1.9474088546229715
732243,4.846791875445061,3.5029263819176757,2.133243687583779
734045,4.968982543021342,3.8927264862770925,2.7774984032826993
734247,4.954460143961827,3.7681124884047357,2.3910775395100905
735148,4.710403879510372,3.9321832192266686,2.537461533227613
737960,4.8259904769293325,3.4514718809514977,2.0462915686998757
742549,4.837446722908983,3.7367082199176527,2.400014965443974
744553,4.8377636148526335,3.5087500185792813,2.121622065394883
748258,4.850037763542329,3.451175009272963,1.406815543141884
748662,5.099860896605039,3.7434773241979657,2.2128453303002296
749058,5.001376907924236,3.717627046461482,1.7716190942651782
749361,4.924766870845246,3.947832805177967,2.8191507425449407
751348,4.819645234601853,3.9760742129953117,2.462693346754479
751550,4.844374965171145,3.540303417160907,2.081643941038253
753150,4.913172212635333,3.618907691609747,2.6277495970847244
753251,4.812654066425482,3.8164709797767187,2.4839414293124027
756055,4.828971679946662,3.542300595659637,1.4267755710963481
757764,4.89599477339466,3.582181026988695,2.6941985647878925
759869,4.8241174478260165,3.844953117331717,2.099052179457283
760551,4.819299458534996,3.545795367547905,2.2913497375844116
761957,4.997327005351258,3.4389158295167843,1.4025081156112793
763557,5.007732160306036,3.737237419792702,2.44285117102428
765056,4.725950591021239,3.927701420887864,2.496165520934107
765864,4.954368099603585,4.024487849568473,2.5845392859808114
766563,4.8022031139846915,3.605360766461697,2.3192040295443306
767464,5.045119758254608,3.595564098467585,2.5960448816953114
769064,4.744407555434875,3.8005863866654055,2.197564799500171
770352,4.936814314399863,3.2319195509743754,2.394674236088187
771354,4.870823740292293,3.3880058242180597,1.9969949417000983
773257,4.923095512883914,3.7971063322868446,2.498575453747732
774663,4.779848632388081,3.5852135708210175,2.2368628497714105
779370,4.917540799034377,3.640379746870469,2.426284159442795
782561,4.934862661247333,3.6319734767568965,2.1331376660510672
783462,4.903024371505609,3.4903197694480084,1.8812732066075375
784565,4.845937859161981,4.0481158530667685,2.4757663140948343
786569,5.092366706965398,4.072807427550047,3.092182452745718
788674,4.995782677268097,3.388957222550286,1.7541766753465726
788876,5.020399801208453,3.7227710094131727,2.1360662200362843
789373,4.826892810132124,3.807248457773849,2.5027606515411382
792564,4.967288098652258,3.4458081555480575,2.2551456864716366
792766,4.7093089917230895,3.84469664230924,2.2446025774260105
792867,4.725613338781044,3.5263979833961105,2.063616548422774
793465,4.946991039668552,3.655646467232815,2.320397205247334
800941,4.833735560773997,3.800893404489559,2.4460988064991
802844,4.936306829347688,4.158609523563947,3.026074504193474
803240,4.864769797246803,3.47802554282843,2.0974010583170046
804646,4.89670558870628,3.8103810903472017,2.3442169372745645
809252,4.907731119179678,3.61860288993249,2.290448815248855
810439,4.935422263317374,3.778000507363703,2.1679283646463414
810843,4.77492378444357,3.4781296535264,1.8433609599945198
812746,4.739576003283534,3.871858211111533,1.931089336587937
814548,4.914399095083864,3.47052617646794,2.4566526639911994
814649,4.975553997245524,3.5375381017221432,2.4549703383348294
815247,4.504650866959686,3.19603926176457,1.4281454539578022
816653,4.927725748553523,3.628547585077086,2.6339619898965414
818455,5.060354975273776,3.6838702132887904,2.5235046038466313
818859,4.960693690247455,3.7641227661567473,2.687660145936706
820745,4.9085075813992525,3.7089176256114365,2.29853172000663
822244,5.081126592851673,3.7391942402515426,2.4202002951185833
825048,4.935476459901302,3.4376050325061005,1.872907872490505
825553,4.689083121870965,3.3767689859871477,1.705696721664244
825654,4.8577041202079485,3.474248821333524,1.5999335141947226
826353,4.868207250193141,3.46022037812554,2.4173374981365936
826454,4.919476559665819,3.9783330029095647,2.602809153250528
827052,4.945146360327926,3.740794769831334,2.641002227001649
828862,4.764540080865432,3.529185115407694,1.5433049274302866
832651,4.732285399912203,3.657587429207898,2.287085727238318
833148,4.846915551232981,3.3033260654624144,1.9795245571663027
833249,4.85943597587603,4.041239209698955,2.601306425468815
835657,4.796093698598952,3.690955001557547,2.3033743306395693
837560,4.734473167365649,3.771203997028118,2.295970154555313
837964,4.922888692730266,3.152112688087899,2.200739474234104
841349,4.968002712315883,3.8883734717082534,2.451923719405713
843151,4.57777432068692,3.6206929785694757,2.0362603857459556
844961,5.055741506165147,3.9696638805291564,2.983910777438227
845458,5.004660057691244,3.886868628363933,1.9963667994707448
849264,4.774971220824902,3.768841942665151,2.22316582117711
849971,4.996109818493963,3.8290320639561433,2.6620128818089768
852455,4.88929288196273,3.6485823909216575,1.7728308507304935
856463,4.908539722608781,3.5458013389889205,1.5211515542584273
856766,4.912805838890146,3.4387068455569136,2.4509252534282364
856968,4.870159554115931,3.2905271661140336,2.3171082794496813
857263,4.89039577098601,3.51790901379644,1.7834587658684866
859671,5.054967139362277,3.7320097072742606,2.5335066467997724
861456,4.856535889733132,3.5354583811978735,2.014413151530267
865363,4.8006552769204704,3.708430679708337,2.6252502350568667
867468,4.988459574663648,3.8668846691368426,1.2866857098351934
869472,4.90125193522145,3.7785482906429984,1.9223316660321605
870861,4.9786614076025595,3.7407465387422003,2.1453721858930934
871762,4.857691758270527,3.5646788296464917,1.691942826011991
871964,4.965005225525841,3.877090166845901,2.487878922150312
872158,4.959025921569232,4.012462403549899,2.6459301009637928
872562,4.897105866539875,3.0254014070104964,1.7015703393975763
872764,5.015878249891182,3.8213702945078634,2.60316715266457
873968,4.900043873654298,3.8468744244841298,2.885721762935102
877168,4.998030885624715,3.5812067920890907,1.3406380240248208
877269,4.77198976137258,3.4076344547629613,1.8441020742277299
878776,4.600683235509512,3.2969870241132972,0.7987414962337117
878877,4.901187206277366,2.969368075659803,1.9356667660500106
880157,4.998728062212526,3.7569399205649945,2.480558031760951
882161,4.9825180008594785,3.8678761402539883,2.890855876857431
884064,5.018200349021421,3.60012905237089,2.1314429867712263
885975,4.826255578088413,3.8718017405401293,2.3833437670430953
886674,4.979169181945494,3.6363843962543108,2.264938383330675
887373,4.922821043754942,3.8164526136369274,2.3593164762321837
888678,4.699918770897623,3.580147377397771,1.840764068508093
889579,4.926617146114577,3.912777104094409,2.6992710421744452
891667,5.03716771433225,3.746917567412421,1.7439959818503603
894067,4.8826463927443635,3.4236735126091307,2.3611765282268062
894673,4.841558805800931,3.3596886027971933,1.9359587020648816
894774,4.9745574427792425,3.70536107400608,2.2753539367279885
896778,4.846914005849121,3.419933000132653,1.4699658836943754
896879,4.975856388782894,3.5913764544936297,2.424534326372932
898176,4.787978644317982,3.575144559216223,2.120352358560389
899885,4.985269970190939,3.857267125796564,2.5747854450419285
901038,4.932385332075586,3.714810826487794,2.3628716986277887
901139,4.733122810900416,3.688646701645785,2.2971851423168177
901442,5.039680902640675,3.9038093575669213,2.7956268462414893
902242,4.979497480476047,3.5650805311048543,1.997303742796492
904044,4.780936917722386,3.088066916998031,1.749713698472046
905147,4.917210219872093,4.004284115576514,2.2777653197502987
907656,4.804112711566828,2.931097661288291,1.4359817575447575
908860,4.875132479094917,3.45910544182795,2.3758012756253275
910241,4.6801342728502915,3.522499127274195,2.4052882432918237
910443,4.861829073337178,3.6817827298753487,1.7860808883694705
911849,4.772756529763948,3.6710066187571626,2.3239291609112955
912447,4.9961415893883485,3.651629376954964,2.573459437572032
917255,4.988829251617857,3.7617142998902557,1.9341799178188788
917558,5.044493635334114,3.669605376355356,1.7061855171745017
919966,4.949620673343856,3.5289022851808993,1.855520052761275
922854,4.928306753743527,3.8002280375299105,1.9355031280393626
923755,4.949311856656414,3.850360950554662,2.3085561973724875
926862,4.834211521247509,3.8325017694151593,2.24640161329907
927359,4.839828620094382,3.553010284905044,2.2278195626978374
929464,4.901765204552984,3.9253213835152,2.4489624105924905
930449,4.598183037323752,3.7642213631400283,2.15623043851325
932554,4.901486292701128,3.7630861723125713,2.197009296717898
933253,4.9669776655663425,3.875651743936263,2.1562370185379574
937160,4.906772835571184,3.591155699712208,1.3463949895929335
942658,4.818567970751526,3.683957253709352,1.9538147707024958
943862,4.846074163770166,3.8995071500330543,2.7083906112651097
947668,4.881642091769309,3.7983170031363755,2.0607502463170513
951457,4.785817020446725,3.1086458492042173,1.179109371129473
952863,4.774463271086094,3.7927782611864296,2.537019129176396
953764,4.968553507032104,3.275285083139788,1.8382540316045446
955465,4.942425481428865,3.6118368409047927,2.2084769646146643
957974,4.973983283369544,3.896644860719623,2.5161562202486483
958976,4.840442587459592,3.894481829309454,2.471651887075846
959574,4.923589738227876,3.665747981378123,2.52125366102585
962058,4.789799037653674,3.836712950013958,2.2446897134132175
965367,4.854208763797712,3.7948519954177984,2.5245084824818176
965771,4.794146517240493,3.695202931089181,2.402659797826404
966975,4.958149499528575,3.8179699116363817,2.3441263145691362
969476,4.890346535261549,3.2571213437435302,1.5063953881726844
970764,4.9571800311954535,3.91624809249212,2.960121779582538
971160,4.955494775875285,3.780368288057987,2.886285979308824
972566,4.999893255895954,3.506174296154573,2.603939144304348
973770,4.878958388553185,3.749263153240614,2.8334546494368036
978578,4.777254145808286,3.9016048158895944,2.5836739713803465
979984,4.893896010649661,3.4742635504958552,1.6218045371707748
983773,4.9073035511856755,3.302152911709672,1.6776499920229477
984472,4.890457301203747,3.7777585091477013,2.8394522805042084
987074,4.8890461364202835,3.86797051169434,2.4785472837573645
987983,4.831541095622364,3.548641153807263,2.3249434725042897
989987,5.03140390184889,3.6632518606013353,2.121031326206902
990366,4.9319317593308725,3.616467612985672,2.394662233565178
991267,4.964738457178183,3.930166737058951,2.5844331259696105
992673,4.846840357001911,3.487794156451283,1.8665598179333576
992774,4.786370746862571,3.378168053228366,2.1949358695597097
993675,5.012304551593929,3.5696536037777484,2.4004315422950793
994273,4.7793387510537615,3.6847097096033257,2.6087447361130685
996782,4.964670467379946,3.7394240433650126,2.3685542491514067
