100206,5.434687978975963,4.079990317813987,2.7483694239296477
100307,5.509906379480806,3.3268950198210496,2.3139595626313554
100408,5.2848168399653686,3.9300751563841265,2.6922234689849156
100610,5.389100567286286,3.7302277197476084,2.0453199201640246
101006,5.54361539651126,3.903044629535928,2.768906194646435
101107,5.31918652528417,4.159763645997321,1.9400331438552278
101309,5.4119076846876055,3.9810869062794034,2.8082131771229237
101410,5.5329713413671175,4.021421903830221,2.572951533498909
101915,5.447101882662618,4.118195544531565,2.9233103043374795
102008,5.3683555090637345,4.022821014108603,2.501730601784472
102109,5.260679786008598,3.783905923646882,2.557502077604526
102311,5.385718194467339,3.688527708389351,2.386981696134388
102513,5.402785974656353,3.56627326926888,2.376107272711686
102614,5.515751688555169,3.937123146624785,2.735569546563861
102715,5.459543298004171,4.195405035265887,2.2394989537752195
102816,5.372299679027279,3.5985047342947785,2.173064836564683
103010,5.456658391102937,4.323199713711168,3.2374446116521107
103111,5.470411622530507,3.8796366598923884,2.9348628412234055
103212,5.4464737222397295,4.045087170517584,2.972818115485326
103414,5.502852325018481,3.4786093350148377,2.181555326930706
103515,5.492742103876876,3.7652852596384707,2.149827240489038
103818,5.430550891503136,3.7870979890420324,2.5753756291379144
104012,5.475362869488028,4.001496284081617,2.952380781921485
104416,5.312705491317908,3.7125157190484273,2.3620283850705883
104820,5.4626820855514495,4.0430717343984455,2.7001770651375665
105014,5.504286721259606,3.818279583525276,2.608667209281168
105115,5.516565548658243,4.238958236295778,3.4205854547825343
105216,5.397642314946088,3.519540621286975,1.8800869016361623
105620,5.412506702509354,4.08502665797762,2.612480393349492
105923,5.365317592846448,4.188219019207177,2.3447358799735345
106016,5.4136573457804715,3.9302768775355985,2.3032872343510093
106319,5.234882789653838,4.164621278931458,2.8603852342172904
106521,5.528646399417778,4.0303236180646635,2.8860547715850386
106824,5.424150817225931,3.899898278272945,2.3794279541804597
107018,5.428555292909968,3.766281081923564,2.33533749096723
107220,5.480548954746891,4.053617260721139,3.078296681982429
107321,5.51576836671307,3.893819892080316,2.3173511624222285
107422,5.355439992822338,4.1744771710783946,3.0891151657200804
107725,5.500920043851741,3.740039147491597,2.3873143808021813
108020,5.411615679225367,4.240333076924906,2.9820496984124527
108121,5.457442605487366,4.054849361217941,2.5732974718999744
108222,5.3151779826742125,3.7770203226323855,2.2066686788537138
108323,5.459358288851291,3.9926988983122715,2.2859055115086355
108525,5.448778100364836,4.290841236572052,3.1679247099082763
108828,5.185939397172461,3.705280007395327,2.2892414772669283
109123,5.404613204104028,3.7106971217960427,2.304103639163374
109325,5.386606934794432,3.9716475328928187,2.8194404197775764
109830,5.560117652962809,3.682567031702884,2.4437046472876114
110007,5.571558578980954,3.7793745995641634,2.4800831889300996
110411,5.308961254875671,3.738635261962743,2.7360422771412716
110613,5.366334358577779,4.190472853265395,2.246919295604673
111009,5.477619979121476,4.287321987047394,2.8475651291358446
111211,5.355950798614958,4.130089924101528,2.237498365995512
111312,5.45090545589705,3.7924059807248214,2.762595147424676
111413,5.425275924960906,3.8861956131753406,2.5408599991879814
111514,5.522931894334635,4.0603193708550505,2.8754559675344384
111716,5.492958983418491,3.640990889521068,1.958987834704534
112112,5.3020618588380595,3.9925352004410466,2.6438609753748357
112314,5.391210559249493,3.838111077610822,2.846895851173163
112516,5.515094886552095,3.9444291531562867,2.712738546083193
112819,5.490182346466603,3.925588020684931,2.9010940925921735
112920,5.230293187442574,3.9580358230133523,2.731425009840783
113215,5.4098442553570525,4.180263888824255,3.135879836543237
113316,5.471292970570459,3.843948232853351,2.9543519971580805
113417,5.525695476347726,3.9635904565649462,2.5959044753361487
113619,5.429013033362547,3.944169555910415,2.662797134657625
113821,5.536588452567521,3.815234131510365,2.425708456873779
113922,5.448013622115239,4.075244522768163,2.8926222711051195
114116,5.371765601173896,3.426846108856743,1.5640500253161007
114217,5.353345742138556,3.547107445392671,1.6065262800568505
114318,5.35337630133766,4.042832322208447,2.7814972095295962
114419,5.357727230598646,4.125167985536334,2.100831347003742
114621,5.376096908258632,4.082642499033756,2.6535792122874957
114823,5.4389780244400745,4.040803555626008,2.0809749576114775
114924,5.4906587125750494,3.486785030008382,2.0001248978053905
115017,5.424974461871224,3.8009744193936874,2.077447076829096
115219,5.438509086115249,4.069047033352404,2.7324950123997658
115320,5.477465842592333,3.407532184865343,1.758639029197715
115724,5.40116894844397,4.051314256724194,2.0664969772351163
115825,5.334615257489873,3.9720718372374413,2.893273414756941
116221,5.371711462168768,3.5312925429066313,2.099420488149025
116423,5.459591340533112,4.075368093980518,3.253331947896605
116524,5.382524262857427,4.027323523861058,2.6019803034642304
116726,5.5268991649586106,4.075630081639599,2.9779531823643857
117021,5.436450874956223,4.054380204604778,2.682364223643035
117122,5.41283839939537,4.002869692426442,2.4813268291975845
117324,5.41430508802333,4.157342416703985,2.9023142090050724
117728,5.322314055370323,4.02157888389968,2.385323397530649
117930,5.507588987068787,3.8941932785059006,2.99969478744893
118023,5.331418530694314,4.199077761705886,2.6297849573650383
118124,5.54981985843696,3.58871242758743,3.32285138396004
118225,5.40112972741422,4.075412309854922,2.669469678996809
118528,5.368815286595802,3.2510232803066303,2.4414818860246164
118730,5.548669197586181,3.830257415828499,2.509628589453036
118831,5.4044530481185005,3.9356441973012277,2.440592687251646
118932,5.471917483121778,4.1542310386107015,2.5510336487327705
119025,5.4534681071095195,4.19567085529806,2.8493559103931236
119126,5.406688108737601,3.509843870584552,2.3531976013187346
119732,5.373816987760795,3.544307212259131,2.2458846767100344
119833,5.437020646402447,4.007364480550282,2.3805633611711636
120010,5.413378853213932,4.275731553955369,3.1268562033143708
120111,5.431597802634946,3.987680139843128,3.1645728638627633
120212,5.441605254880413,3.849802162750015,3.07638295200612
120414,5.38854719577945,4.016553078383903,2.395819743369872
120515,5.5861537478797105,4.188441750213534,3.1642431590065234
120717,5.416012925283171,3.6788290185201244,2.2419569322275317
121315,5.518463403308881,4.186533305231152,3.0926688594032616
121416,5.390350683682758,4.282464224027799,3.274504961135346
121618,5.525256109906462,3.651798042555558,2.6171351469414326
121719,5.391095769690426,3.7660768740892916,2.087591268167603
121921,5.389377535840336,4.1303384355599,2.7857539000432876
122317,5.5615160743258265,4.287837177977677,2.8377632333633214
122418,5.4375314565467985,3.940724088935709,2.2487825861568025
122620,5.483410220067691,3.755998432266768,1.9428465861245325
122822,5.483283453247698,3.7819075678668908,1.6989554577302475
123117,5.54008708045587,3.8039643622084225,2.9192076605751596
123420,5.559763038879165,4.106536849677773,2.4964709642133562
123521,5.4624266095257425,3.9383848018928016,2.1039744720548996
123723,5.478998224247869,3.7389140825613643,1.6484428961837936
123824,5.367533620134499,3.9220670537795828,2.065093375250637
123925,5.382839588609936,3.92880582011025,2.5581400949209168
124220,5.510187298630647,3.851101368615783,1.9499313312323596
124422,5.314761668194851,3.6121231175565933,1.596034768677232
124624,5.466104440573212,4.223224152892697,2.800785210620288
124826,5.470985997085742,3.813527762505946,2.930391620300316
125222,5.488979146924392,3.9962005759057946,2.9219508866396144
125424,5.310981734257418,4.047452725255591,2.575496361770147
125525,5.51779016166176,4.21297990409811,2.6879032928094135
126325,5.495899374679538,3.6653871748611273,2.399655016116551
126426,5.547030854459859,3.3391441851435806,2.22111733007309
126628,5.346945072912529,3.9191355780315327,2.6517901606445
127226,5.40779441824155,4.169568975502808,3.209392825952968
127327,5.475434156032415,4.018111049444654,2.7194129640433014
127630,5.423274202652779,3.882844230402425,2.583380568592227
127731,5.388939332227299,3.879676354456663,2.272017190320424
127832,5.305098675250604,4.182603311065622,3.1293843991958035
127933,5.484123561038849,3.9728503945487255,1.8012337745716547
128026,5.4956726051837235,4.246949552383337,3.138405375654296
128127,5.411696244307376,3.7496050016426024,2.0906617673177585
128329,5.441591316324941,3.314021200274722,2.2330349461296795
128632,5.338423966452653,4.165134423983994,2.392228920896206
128935,5.507852477198463,3.7414523707976084,2.562165135632572
129028,5.448398926920196,3.8386868918809713,2.127015328072837
129129,5.399621121641735,3.5090928704074704,2.1001329974616985
129331,5.460417889522274,4.067877160126472,2.221808202853132
129533,5.506598244691157,3.595970800550788,2.301276972984091
129634,5.458253939480792,3.882314246438324,3.0139427275370836
129937,5.5435199716544625,4.077642029856762,2.781805805828096
130013,5.522309235199011,4.235719249135186,2.8512003652193303
130114,5.416499868973287,3.860678226847149,1.856693698567454
130316,5.4764370317221,3.8379869872872794,2.2706795453975257
130417,5.439925294697235,4.27952184052837,2.9662056162256536
130518,5.415056974294961,3.9517987935706556,2.791983245511339
130619,5.341354146751414,4.005687023007402,1.9060891448522441
130720,5.2864026625302225,4.028934769006944,2.3938919620731753
130821,5.425686454777817,4.119725238030757,2.327046276211554
130922,5.47527897225625,4.026132941988703,2.3915752008051867
131217,5.437829678955778,3.882542044261089,2.152503348967258
131419,5.528413025624439,3.868754578214901,2.7930488667293436
131722,5.438081562191105,3.855647956799265,1.4387245478947133
131823,5.384874779913374,4.05587660159299,2.8475465513702134
131924,5.559218083304737,4.297436305786185,3.041513755847571
132017,5.45867325495637,4.0945294073595875,2.36309326845947
132118,5.487938110137023,4.068756102850608,2.7898401037815566
133019,5.457386778260459,4.262339221170214,3.016306386344627
133625,5.437252453016634,4.0403390770140195,2.74544051333382
133827,5.16555296196515,4.072902935202259,2.5299399066103825
133928,5.306949518790071,4.278320216491939,2.7126410749685865
134021,5.365987813714716,3.899489546633655,2.1835842502919203
134223,5.339030636162078,3.562483960442898,2.4780386379212924
134324,5.416653706113757,3.8517877965894343,2.744802893326006
134425,5.485500666676206,3.487038456176817,2.9458023818084005
134627,5.484146805623307,4.067332437296315,2.8104140347512057
134728,5.467408880713767,3.718493002530649,1.346232721631431
134829,5.346510418474803,3.951249572779396,2.395619226426967
135124,5.323056425724363,4.065322987676427,2.5049373154357966
135225,5.407504110039201,3.676156466482686,2.3664330137461724
135528,5.532299456752152,4.044960952399679,2.8646961634934955
135629,5.371355677133747,3.927162637292153,2.4448551022850697
135730,5.325861192151335,3.999761842358014,2.351098511190265
135932,5.26837284887459,4.1205981152552775,2.569380143136525
136126,5.439802382708669,3.8121184793646092,2.229594167546146
136227,5.423052064551885,3.3672099102765802,1.9420670525042731
136631,5.415075284045539,4.110131248156804,2.78103111938668
136732,5.540562818842825,3.8336880793787422,2.8870226083552457
136833,5.379454562488791,3.834472798040283,2.345917812914536
137027,5.463564463489777,3.903681039255521,2.6042371043162222
137128,5.454861657062713,3.88170719404182,2.227217449656039
137229,5.512703653974863,4.1557097831245775,3.3590990941481076
137431,5.358559551947171,3.9895811861337287,2.3057462066452103
137532,5.396066532463094,4.408213005472834,2.962479923276709
137633,5.4216026993690365,3.683185565523183,1.947972381426352
137936,5.5151316587587065,4.3440011806414125,3.369030833809687
138130,5.382490379561966,3.2302728273990127,1.599422003467473
138231,5.509728626731418,3.8873437580239756,2.52323275001172
138332,5.454619575425993,3.809786530449473,2.2778929796649567
138534,5.3181080495424045,3.999015104327115,2.5479278608046143
138837,5.422320490987692,4.426687133826633,3.25158552620463
139233,5.5026401376021825,3.932595731033438,2.343246616033067
139435,5.4442882608018435,4.028195108615377,1.8633562414392357
139637,5.414890840718429,4.079644630894801,2.389961236365263
139839,5.48027192792072,3.8002957703000235,2.625296820997811
140117,5.445978190961945,3.9039365693750265,2.725905618883692
140319,5.454309672302641,3.452474697494008,1.3448235560264485
140420,5.315930512573327,3.8812033665165737,2.143957684261625
140824,5.41221669621047,3.9986547176908744,2.6913881155333503
140925,5.391481957626117,4.33251480597451,3.1735908578286196
141119,5.407486026710741,4.115159499271531,2.873395127488537
141422,5.499131585565346,3.8793372022756785,2.8337955479477315
141826,5.52563164978996,3.75499429290441,2.695597120971253
142424,5.6032886398422574,3.8842071379215763,3.2696800851485954
142828,5.316802383607568,4.158278457391926,2.6478332980511774
143224,5.203255668561694,3.26170774508594,1.6791089251730955
143325,5.450569689412533,3.7738930513917004,2.1842091079007773
143426,5.467759752616681,3.8949106175038977,2.51481283273747
143830,5.48513895859089,4.059441551992405,2.5071439718330923
144125,5.326712913996523,3.952957243746097,1.9526065982771672
144226,5.512006677450401,3.9604208168104544,2.39883163147757
144428,5.427112301795319,4.161160863768807,2.931254617345092
144731,5.446033920517547,4.188963832133684,2.787317933069615
144832,5.533917002196799,4.036704055063359,2.9563832561264936
144933,5.443538583520459,4.138111806885057,2.9009867399790172
145127,5.548178525993944,3.795654827020401,2.8654424655298487
145531,5.483957681588644,3.5790032394274554,2.252590818773216
145632,5.543198885565224,4.166561075994363,3.063682839121734
145834,5.426153823003607,4.149966408860214,2.8863625477457995
146129,5.312595348533991,3.6157269811388355,2.366583364679563
146331,5.581717923656941,4.005114280705585,2.847289938759415
146432,5.390920260961044,4.295332696291776,2.97356309824199
146533,5.349879325596786,3.8272796003813676,2.8594795038001615
146634,5.4347700130352266,3.685111350029572,2.411394734024945
146735,5.539676863673047,3.506571200729628,3.051227782201145
146836,5.465509529549739,3.953742616764017,2.91682567311428
146937,5.56256719731909,3.7547797240833307,2.6272775625823614
147030,5.412066315808376,3.737208794426035,2.7241272361923063
147636,5.390782176255529,4.02874975917915,2.5878613019985495
147737,5.500936684375308,3.8942541691681396,2.1902158197569634
148032,5.322534123573534,3.86564486432819,2.464535392995516
148133,5.483574301183793,4.026552350659745,2.534780505152792
148335,5.589308776878608,3.9432186636804305,3.320247745672358
148436,5.481473227802768,3.7114817946320655,1.998851614456
148840,5.514522254163813,3.9726997578659797,2.447495030829339
148941,5.466858417771165,3.813745489518753,1.7303520555914373
149236,5.483092866319397,3.866031239040473,2.5102367116260313
149337,5.544034134051698,4.127754723995719,2.930512282039588
149539,5.498763007863757,4.1271947581954285,2.4007158138849367
149741,5.546178423529477,3.995481218427814,2.4297236720871314
149842,5.386094660256047,3.625473003576627,1.8732583748069318
150423,5.495106528893481,3.5795353475225613,1.9448418645386594
150524,5.48497843249586,3.8696840352431834,2.711788008101308
150625,5.393460002395469,4.2053243227143255,2.6324458422085146
150726,5.43564947979082,4.049001496342185,2.513382198532038
150928,5.326898486039512,4.151534735137203,2.931588628488046
151021,5.441431260104639,3.759364154748553,2.6928115327515387
151223,5.362753696002922,4.039203770557931,2.055571134353232
151324,5.483132243342845,4.240455921804389,1.8289749939328692
151425,5.461079783133568,3.7340195597984076,2.626144735431795
151526,5.452001899062407,4.1574357747035515,2.914887947477692
151627,5.447753605193811,3.4769270476164142,2.4564331467377234
151728,5.479668497942716,3.9273697361847337,2.751702086865689
151829,5.477766662471278,3.9943658847114585,2.5201387034525644
151930,5.425446837234334,3.9624413386241497,2.8029405821399966
152225,5.339122834665218,4.013139521133579,2.3704656875942827
152427,5.355710288353081,4.22346168632713,2.2958687752661975
152831,5.452212287393717,4.028935509132894,2.4329325096431282
153025,5.355354319950901,3.952442594104828,1.748582622953888
153126,5.477656125622753,3.7944018346009103,1.6223095781105696
153227,5.454998469188485,3.3220598732706903,1.937676109193355
153429,5.430611380503724,3.9535931423391513,2.2395278398273355
153631,5.458861023529435,4.040064228347596,2.7099537391233235
153732,5.318448421422021,3.935388230060838,2.274548582332797
153833,5.429602808790294,3.9705234870100847,2.9016395064679994
153934,5.4248022899175545,4.312033595878443,3.0465238774293346
154229,5.396299828596254,3.73871360725067,2.304634585179202
154330,5.450009549172812,4.206039236016382,2.896195482736078
154431,5.451640116399946,4.1861296165640915,2.943652868674595
154532,5.497772348590705,4.058974218711166,3.096377596907464
154734,5.394674898936331,4.25415264568943,2.7232610909100883
154835,5.495643647081639,3.771505773848258,2.430885489366908
154936,5.5149122392227765,4.183688454125937,3.2261393201139303
155231,5.502361934304596,3.880045195374199,2.436162169789552
155635,5.538685581895681,4.1317825148336125,2.7493168911110564
155938,5.244276735139677,4.098718891580739,2.4204785818694896
156031,5.422092996117644,3.5994451656423956,2.1241699953590993
156233,5.400128479496964,3.9390259789898785,1.16213543211034
156334,5.498661263553758,3.5981135529437,2.101790009265082
156435,5.324029721977625,4.220168411983505,2.6302187155547188
156536,5.5045360033837385,4.140632496429048,2.339453954966289
156637,5.424348493960893,3.927394576912676,2.634400847834286
157336,5.507443868955678,3.929213305380453,2.6133766443395428
157437,5.247989607055658,3.960002913051652,2.693697999608722
157942,5.418729971131549,4.015276924169771,2.803472676695626
158035,5.454068034867107,3.8008230661126663,2.130267494391193
158136,5.497411547447043,3.7007326977143364,2.461891520169215
158338,5.476679853826953,4.06033366216568,2.616172841577814
158540,5.288180268361678,4.17337428009008,2.9100705555678372
158843,5.458656854244664,3.6740178167066357,2.631923800104985
159138,5.406938037080138,3.974715674462335,2.5711898832205877
159239,5.531486503575506,4.132853679991521,3.1133941461877406
159340,5.443875824625943,3.6987976186963585,2.5094085270558866
159441,5.4292437486099665,4.212681618369576,3.1544114468992355
159744,5.4481638562385655,3.5610513290879093,2.4024859381886516
159845,5.412461682651639,3.559838156986179,2.483190094518674
159946,5.557113596496943,3.8993791560836697,2.9872071412513685
160123,5.356940392015841,3.813056895452152,2.2835533420638416
160729,5.425225721153865,4.076217614721314,3.13223565831564
160830,5.4642012317729,3.671642475711448,1.9790342154146787
161327,5.4759820612337755,3.8548816318776855,2.7679884566397983
161630,5.412781673229523,3.8633633581261466,2.544882494985746
161731,5.4266328011978775,3.7218109989669026,2.15942004377266
161832,5.261185028646096,3.861341176461459,2.6112173118984927
162026,5.394016307146474,3.6924342310476335,2.1379957347071157
162228,5.391840022371861,3.8419655612786334,2.2625528906773216
162329,5.507937384716228,4.359183561318154,3.2488782950315684
162733,5.4526003417555335,4.25407683627927,2.9939055487411848
162935,5.464187779888818,3.984003551778879,2.7545681973328304
163129,5.405149489319462,3.4057457096261325,2.247047123789763
163331,5.445029933991186,3.3570150934989007,1.7700543674559652
163432,5.502704996229124,3.6819964333083353,2.4154023122888812
163836,5.545823911528715,3.4159230915507885,2.701769853467052
164030,5.5630119927271435,4.03838520539946,2.947508907372497
164131,5.507369713586992,3.990198292074789,2.853563228902939
164636,5.551292251294412,4.3359787983819045,2.9525531433734553
164939,5.475914044840694,3.6718964415756647,2.5200717250463294
165032,5.394396402304133,3.6898991647912545,2.302506748563756
165234,5.431652796192001,4.4111702523369445,3.0614332476980217
165436,5.5002148379742914,4.116238699844192,3.207422336012758
165638,5.380837557418191,3.783654458816951,2.371930583379474
165840,5.300958376485654,3.589718166165214,2.7028910590520234
165941,5.586741074427456,3.723705105606962,2.5970263061727508
166438,5.472249533675646,4.177789676734231,3.055349393759658
166640,5.33463863188654,4.201463645576851,3.02617624280702
167036,5.5050691071661015,4.1709863544556285,2.9599296321149895
167238,5.329581624749391,4.172254838595324,2.269058895219771
167440,5.48726910194441,4.108193336444553,3.1176707519896993
167743,5.485522015203102,4.212391791168492,2.54017437866922
168139,5.462057356304637,4.0261333986836965,2.560801681651288
168240,5.3984097185186295,3.6960701958382076,2.5499613092670748
168341,5.340190766716609,4.044628461831286,2.5675227590518315
168745,5.500844171342809,3.9470537044260503,2.404967745611042
168947,5.52852875255543,3.6760320677030784,2.691645777459557
169040,5.459622620925103,4.171654277142985,3.079153431292548
169141,5.50950625592362,4.332755520929219,2.928841726159322
169343,5.424219789978722,3.806411110935399,2.6836772601575527
169444,5.48025873761722,4.177996827151117,2.4605841721323904
169545,5.345199817503968,4.1724052292209315,2.9038441568412954
169747,5.344157841261772,3.7644275451415,1.5530759786712889
169949,5.464835444716992,4.0618400444682,2.5828544252398933
170631,5.3261451877801695,4.358846739665268,3.106401081249112
170934,5.485041242303587,3.846799976095111,2.5662949021448536
171128,5.427548338759411,3.72862635466407,2.5509738984515793
171330,5.4200770413625055,3.761017742130556,1.8471315129385555
171431,5.544359137740266,3.7809096903379404,2.02567941635867
171532,5.61037016041671,4.117710363264506,3.06855353879845
171633,5.5272123530841455,3.8080961827717177,2.752316904148567
171734,5.357866152056608,3.980986363461538,2.4539333691707093
172029,5.5507308116126355,4.056267072855378,3.2220165814539388
172130,5.271088580487444,3.886113063579781,2.1187081002955708
172332,5.552495820128262,3.6397134504327076,1.9462259163092315
172433,5.383285512450959,3.717586361554201,2.2630713397532563
172534,5.364792250349228,4.288289437471921,3.0890036901837754
172635,5.344226606738995,3.670413261560047,1.5768459937387227
172938,5.5079215934333075,3.743302272182166,2.377648591596272
173132,5.346059510389815,3.86664857151406,2.2186490358344297
173334,5.415428485389442,4.265137099202462,3.044744951298681
173435,5.376656130830771,4.092184302764686,2.6529478058108387
173536,5.346299571678346,4.068957132830676,2.582976537880167
173637,5.333059733959395,3.8039011967808394,1.7823928650245273
173738,5.297649021329845,3.6788448073352695,2.0506627826001855
173839,5.429989729945521,4.011372853688584,2.67878482046122
173940,5.498649909370337,3.6307523796536163,2.714749185521016
174437,5.489218433969305,3.874635942695135,2.020570021022166
174841,5.464363936949486,3.436797180454013,2.306553384686733
175035,5.331573898655344,4.160135461735413,3.045659410123531
175136,5.495733719555781,4.212476039179012,3.0943045347042792
175237,5.534402078794798,4.247059021831823,2.5942059817328187
175338,5.513953210276447,4.338654768609479,3.0660360717268333
175439,5.537333904025539,3.886394850960364,2.6011807656950126
175540,5.280899452687967,4.0811299402802605,2.7851394816206057
175742,5.538559426574268,3.3472892852982246,2.6466396355607253
176037,5.562158628372241,3.8417455969098206,2.473087701237017
176239,5.335415482510681,3.980127362896432,2.5611226555688402
176441,5.432106080291027,3.8903130422388332,2.458805399120012
176542,5.415866304144383,3.9135507005028645,2.660810378269175
176744,5.468729591094892,4.017960468128051,1.8189457019940958
176845,5.38623758957774,3.8505450768974643,2.444124072369331
177140,5.4832769597565045,4.3888123103154255,3.3847380376663065
177241,5.378587355833455,4.012783792531135,2.6755047137912062
177342,5.487872499754968,3.863162660444708,2.6311426661930404
177645,5.340125358277802,3.4026122200434945,2.1932687638340433
177746,5.500420117095405,3.932707336975714,2.8669564140084596
178142,5.529420654304827,3.850585996319404,2.902675756343367
178243,5.343955423832307,4.205984824532692,2.2413393196789526
178647,5.470149229722513,3.6244177069515895,1.9551221945351789
178748,5.380251473093174,3.9327794065034114,2.2120207524232867
178849,5.395354388185469,3.6659301060834246,2.6302802441565523
178950,5.44672436682868,3.485920322997859,2.1171107899740886
179245,5.311699487969125,3.7952292912569208,2.364213496817163
179346,5.4389512830200815,3.741265516378307,2.6601283164825467
179952,5.399548130333561,4.220410957759808,2.512218186528221
180129,5.517455899358241,3.8029749790292473,2.085522079757086
180230,5.499287952257277,4.0254921322201636,2.5648815206465656
180432,5.515849974253997,4.022335356648593,2.744672685701063
180533,5.288129154823044,3.5079183150842903,2.1884529044661876
180735,5.276536841487663,3.736539191519793,2.2767306865042154
180836,5.411040531690201,4.192492907053858,2.801350053521948
180937,5.457299968436834,4.187124506100785,2.8963536250070865
181131,5.404347235024524,3.6583639879078156,2.325807753792677
181232,5.471133464946515,4.00549423224875,2.7713436952584356
181636,5.486983361490448,4.062707204337834,2.626627207153997
182032,5.399705336452442,4.556453149907313,3.363461392897806
182436,5.423171144804948,3.7958185920006997,2.4525752232697147
182739,5.3996583150811555,3.8296618399595843,2.318589418901042
182840,5.555667402631252,3.948512314956185,2.8946538464297165
183034,5.39147380400453,3.44023479780867,2.2733716573300335
183337,5.47070843012293,3.9176027401114166,1.7354632315430687
183741,5.517999145341625,4.057804390672907,2.438103324088815
185038,5.462399977499221,3.843640193942404,2.731427866803892
185139,5.533404266812652,3.6868122928429528,2.4339653103660157
185341,5.490946011036519,3.980773703290404,3.115889418918837
185442,5.500576973910505,4.252115556150344,2.9706236885373696
185846,5.384543494921087,4.16446230706754,1.9736566146726178
185947,5.401313043917047,3.7708465238556026,2.1487283119086613
186040,5.549927639223147,3.7866966886906686,1.93955131908039
186141,5.458552204991242,4.203907886137676,3.164969926999592
186444,5.356426562643355,4.20867249279694,3.1133481218209247
186545,5.438391173875628,4.019612561600516,2.7811445652719984
186848,5.497847953174854,3.972053142829273,1.981767242945419
186949,5.507884513121678,3.9100633066357426,3.015309157122214
187143,5.429336997563295,3.936169883323154,2.6958711758198537
187345,5.282609959611714,3.687749534513861,1.7308711227467044
187547,5.4079916725854815,3.7474300487741865,2.272976379388071
187850,5.461730658587444,3.7685171532067514,1.996146307108864
188145,5.467380412474801,3.5147259236615738,1.3155988407606256
188347,5.393379620935382,4.3684841698406345,2.927459505628172
188448,5.46377761245137,4.00114528804804,2.6741732081423613
188549,5.431565048799921,3.7779433989753617,2.421406001092136
188751,5.393142665983835,4.164398273071602,2.7133315398545066
189349,5.475061208719814,4.206421275835886,2.864955369536268
189450,5.403331745640925,3.8477236734348645,2.1569187211337884
189652,5.485848759627074,3.553844991513296,2.5465703865372813
190031,5.310301110874684,4.061899494957737,2.4335775213569457
191033,5.390426377136741,3.8612440491649513,2.3347958355728204
191235,5.397282427780264,4.284361260331956,3.025732534610694
191336,5.299287163420044,4.028040396756741,2.7697985441477417
191437,5.52309766986752,3.9545105719324845,2.8913578107063107
191841,5.478444663080722,4.060473594633606,2.1137385079274282
191942,5.490114607094095,4.081392454098201,2.6240857671367976
192035,5.493930730221763,3.2645531438788646,2.5143676763866836
192136,5.423934329379123,3.8117996321951093,2.1222326898014683
192237,5.532285542680468,4.1492303055326785,3.0297803015567273
192439,5.385777075558477,3.925478231494361,2.413470259152447
192540,5.416598165583331,4.141102854516134,2.533265123727568
192641,5.5189922995051965,3.835632523162542,2.444695351347071
192843,5.565346112369775,4.521288994695986,3.3974899585126446
193239,5.448221320234923,3.8150542273476735,2.7548583187472597
193441,5.379183248278263,3.976036542606083,2.5569238036216873
193845,5.389321938819845,3.4943370437296744,1.7589123634848587
194140,5.505515607604297,3.851322757182046,2.398980314398667
194443,5.462312709942129,4.093066173661626,2.663820983850784
194645,5.363829593624856,4.037137935537075,2.632916044895291
194746,5.517142785217747,4.001890301548757,2.886872049670704
194847,5.507948812071542,3.850521275590775,2.5728039213171585
195041,5.588832349835821,4.138072549392209,3.307633086936485
195445,5.315338922251119,4.094692514837208,2.4695414520242256
195647,5.485446676005459,3.593482129614222,1.3286422118798729
195849,5.414546941190258,4.030061414488002,3.0065908598590503
195950,5.5090188079817475,3.66865553646276,2.364009580481631
196144,5.500304451819385,3.4533213064128723,2.4026132948986123
196346,5.2996944404984,3.89938787512431,2.2520551611147708
196750,5.406221961205131,4.0229153530740955,2.5813346695126778
196851,5.328261529506014,3.8605805235089226,1.913659595572207
196952,5.481874963571315,3.837180509577005,2.9341192327196
197348,5.602533028146021,3.510229612118954,2.925624947105381
197550,5.458010243474008,3.7471731248584144,2.6933057683873254
197651,5.433163923607385,3.5326437923875393,2.4021369310703067
198047,5.437026934784474,4.140083781604501,3.0812054292621736
198249,5.44655171941122,3.685647612367032,2.0429115865336325
198350,5.348792950945888,4.3993584762337585,2.8796603069407025
198451,5.551867100884957,4.275533977938474,3.205532771705111
198653,5.420279358901427,4.1684346395802345,2.9023577423671414
198855,5.5207917064593675,3.9772763612894044,2.5376066829641277
199150,5.404455842099025,3.990917037864033,2.1873937654501123
199251,5.546641019867743,4.057527743328049,2.801404036229424
199352,5.422675548392739,4.134574105896702,2.5406630544049422
199453,5.387466502155301,4.196550617670579,2.953060165262856
199655,5.490273096805503,4.194159888585486,2.767181775725335
199958,5.371329505571031,4.041713057066396,2.5905949499586454
200008,5.510225031694064,3.9641617464373042,2.6486557530827897
200109,5.440784305037813,4.158262056768319,2.6364741759799677
200210,5.39183337285629,3.817871807439523,2.187141146994357
200311,5.45546042486822,3.8640846484258606,2.648316375967106
200513,5.327168309994784,3.8550693510775536,1.8496296403996055
200614,5.520175812700249,3.773026383787996,2.3793390112203254
200917,5.396597995403178,4.426158358515815,3.096251688429361
201111,5.356378409933658,4.136232141354583,2.959398885787195
201414,5.313676257682185,3.8889208735305036,2.7487173448103936
201515,5.516009984229183,4.214637693049311,2.8836240144964527
201717,5.439071795288827,4.020610310576154,1.7329491602955873
201818,5.507425904114582,3.820616059656785,3.0387780796806307
202113,5.290142345980707,4.214034205569751,2.533035413214957
202719,5.334269406081082,3.093709583826718,2.0714121658843996
202820,5.563598464338493,4.038599141339112,2.5565716934661618
203418,5.561219814955411,3.9711139393444697,2.331108347126735
203923,5.389570996081515,4.243669441501507,2.927346116196617
204016,5.4071800081224906,3.6931038789794757,2.5057900713916377
204218,5.541823787721375,3.911500213772491,2.9017104122022848
204319,5.4679770545030975,4.23216035158439,2.720976443229835
204420,5.459185389688315,4.113685565588632,3.1583881747127993
204521,5.579466639027263,4.105089914861226,2.7378952177688762
204622,5.440909168355868,3.9007111890940616,3.0021407317310898
205119,5.544067834667597,4.149355845896488,3.1797636705490437
205220,5.400902125301611,4.186371862122848,2.4314845076492038
205725,5.532216122212221,3.7734419199606504,2.75397610953412
205826,5.550903693770732,3.8284183242567402,3.1298394286026974
206222,5.291237701701348,3.887529911604973,2.6245769166779467
206323,5.576719900547843,3.4534987882814128,3.055107697062727
206525,5.253820336064919,4.157044173153484,2.9872477992805058
206727,5.453741455162758,4.105610332443406,2.949889438784811
206828,5.27705893118215,4.081830809566513,2.607527615188934
206929,5.378604658645527,3.986862041668337,2.63500714223957
207123,5.399554608179922,4.063999654610476,2.456726541040468
207426,5.435948727981109,3.8779037521185673,2.4082869408497354
208024,5.437897457335381,3.935659417659705,2.269872871022052
208125,5.42888928502541,3.7243878274591897,2.1994256554474116
208226,5.4061487079640775,3.8986149793744973,2.267609803152147
208327,5.4442531303295345,4.1212704697646085,3.0988247440071186
208428,5.596693200642941,3.5552012583750505,2.428674968788797
208630,5.256375399362515,3.519890096948428,1.6569821343029492
209127,5.5784572999577735,4.067379624893613,3.1122638745341047
209228,5.4633543247310365,4.127727842010096,2.8570179441929544
209329,5.477339486381182,3.5345629855850746,2.0513627428244217
209531,5.468024533088056,3.8245322151590875,2.86464915824106
209834,5.591122486055976,3.9097748228311318,2.8084046129134324
209935,5.4213446016520725,4.128302338176184,2.731165747617511
210011,5.382907064599289,3.9941902076340887,1.700581839506177
210112,5.320071213019398,3.949746738750968,2.4605310667167326
210415,5.463188364757466,3.8081616439414834,2.4963280684611315
210617,5.423652810110642,3.703498524180846,2.5107186704075932
211114,5.441751595665464,3.781336715606204,2.4551707028270724
211215,5.3986461732452735,4.192728952699118,3.079238033620741
211316,5.528367273706462,3.7377035748188607,1.9397823217767363
211417,5.537002072649623,3.9922239301974454,2.504413624205481
211619,5.4171874588840225,4.137120332923132,3.183097413336511
211720,5.426470178932322,3.864936916471135,2.4793194044614055
211821,5.359584262408872,3.2364483021733097,2.149695278221455
211922,5.542990178636423,3.976003377034155,2.89350594980413
212015,5.413212345094431,4.027069252664198,2.4790974750886696
212116,5.53297234019767,3.5326804809642924,2.8715047037541845
212217,5.613329466446802,4.288982332976404,3.352239080004223
212318,5.5797743276872165,3.9121635095918537,2.875447101651642
212419,5.412607891184656,4.080706598125303,3.0292909534223647
212823,5.436952238283778,3.7732128641290577,1.769992159443219
213017,5.4481384529943755,4.06763555489771,2.8302364569348226
213421,5.378287084669516,4.052680199057492,2.410557104780025
213522,5.372007108097577,3.703529997999398,2.664089254229493
214019,5.573327530626147,3.7976646559829867,2.4910355198978773
214221,5.35086659198199,4.203503450011837,2.843730784761745
214423,5.159933812765581,3.6418299650863926,2.1740449293740456
214524,5.4449415947281175,3.958171386349162,3.0194562920670087
214625,5.387197101390739,3.9701168424972333,2.151548727787464
214726,5.499199438754457,4.132843673575564,3.009325614301611
217126,5.378564124499621,4.404606057341932,2.9743634492699513
217429,5.478469444252355,3.6862572942641383,2.1607039546440805
219231,5.470497083046976,4.2951931467502344,3.024625149837793
220721,5.556253416922804,4.091575454966889,2.3660120780046006
221218,5.3747807640513185,3.33721679124873,2.2822873693214953
221319,5.368325055063833,3.836267666839571,2.5082334115332166
223929,5.399917859428055,3.9630120839476572,2.9388808354700604
224022,5.3390280318822345,4.2449275337255115,3.095964091890214
227432,5.566099111349411,4.310115815829223,3.3922644206418036
227533,5.455582657139887,3.9898689960993763,2.6342007483815624
228434,5.2866763987459,3.751332803592775,2.3105924411790464
231928,5.433343517976458,4.073210767303606,2.7327360098308047
233326,5.350790583126732,4.142586686119523,3.2977469048721497
236130,5.493809143244035,4.249622180418867,2.8057011316618907
237334,5.5025054727046,3.8548772838809096,2.462044077164642
238033,5.289991200907444,3.372868760694845,1.9679934680065774
239136,5.5332926026984275,4.212626902155431,3.2877866137556
239944,5.548640868800591,4.034529371633119,3.1580847615319803
245333,5.393611768392708,3.498115731543791,2.554746592671961
246133,5.41462422998053,4.1887516387197445,2.5117867059400463
248339,5.4429136020194795,3.767200342915385,2.369729533765987
249947,5.491250702193506,3.863482971378491,2.1778492065444106
250427,5.5029333051183835,3.4640957847942944,2.1015182336687728
250932,5.4642184267534,4.089047032920606,2.3371293361496335
251833,5.567636962096192,3.7815908382412693,2.852181809879066
255639,5.543740386733436,3.5963867868308297,2.634079639453329
255740,5.454476609180554,3.9148592234957613,2.342875475303815
256540,5.387130109736998,3.681877002942434,2.0256121877259496
257542,5.434423033254547,3.622050435459651,2.092917944072426
257845,5.46775579006472,3.429730515992745,2.494975356258757
257946,5.37127406828106,3.69290226368236,1.8891505459195521
263436,5.457777622745848,3.901975236845783,2.6661515804872495
268749,5.387582098561195,4.072848346909504,3.028089300950757
268850,5.378019283793906,4.158404284244082,3.0522258375189946
270332,5.3764355330216835,3.726205277079599,2.085443878087127
274542,5.323808570446887,3.940716101087151,2.798280202195398
275645,5.364804330869579,3.9726110125699883,2.446194308483814
280739,5.50395707437681,3.6199692280138382,2.920256769627977
280941,5.43259902940304,4.0369504016859485,2.3565138803039734
281135,5.379171561796022,3.805490532738191,2.7162042536601545
283543,5.443279779303144,3.801519041720976,2.502160966007634
284646,5.521723420706862,3.9584264381363314,2.536496891705677
285345,5.490585099975001,3.76513572915099,2.5809405643162395
285446,5.496497794769817,3.5016329396063193,1.7287070197358754
286347,5.373601929741004,4.021235429722135,2.6177925807323525
286650,5.499449141539355,4.235637791906312,2.7281996022764936
287248,5.41135423090848,4.146963876776072,3.0189874089477717
289555,5.4232446168988835,3.589410005460397,2.74133272720917
290136,5.466465182903034,3.8090749392263734,2.500717178059441
293748,5.487842773333743,3.2637231315266826,2.0649604636198315
295146,5.591048648772531,4.243619767411824,3.615820672733904
297655,5.4301000906344274,3.682132810730888,1.9167391453975695
298051,5.491543775007418,4.160917151831839,2.8970862961764245
298455,5.38783759105278,3.780573921250006,2.6729598526007416
299154,5.393908050316331,3.76636306689602,2.641350610909712
299760,5.449404412334332,3.7906693321928024,1.6137184214557587
300618,5.351892673547251,3.9483606182969875,2.3904453700956956
300719,5.490993232538444,3.8169807393068025,2.036623375208589
303119,5.5232589235777585,3.8710597193403204,2.956950455972207
303624,5.351091587490526,3.6446712782512973,2.0489771047124483
304020,5.307438708103678,3.7564984837738034,2.2935001014241494
304727,5.399525605040511,3.9315798409901874,2.2823203237437237
305830,5.342743843920258,3.7212684964655605,2.0311312003223954
307127,5.494790797801092,3.4973092482642167,1.9582858371805556
308129,5.423553768683391,4.305999259568851,2.6147017705520677
308331,5.263540016355537,4.050850927150123,2.2334569726838933
309636,5.406618582554532,3.705653199857933,2.3434325758974537
310621,5.469372058271288,3.980713521594958,2.789584885349041
311320,5.385138754558277,2.9747210560697708,1.8427191766959632
314225,5.408816818671234,4.302731978746337,3.0583658850940614
316633,5.312141570726148,3.4833730690676004,2.085049824607064
316835,5.516914020972073,3.956343052735397,2.489165603370457
317332,5.385892922300801,4.086260300517918,2.3472308549124077
318637,5.366193944082819,3.7931931718814313,2.48896313434036
320826,5.450609069637174,3.8433749358958753,2.7601237245992474
321323,5.413583321598641,3.691841994433896,1.8658775954733602
322224,5.536727667550401,3.779461154109239,2.0208781786316505
325129,5.442622812083671,4.092514345076975,2.6219355518239356
329440,5.468173571335629,3.818583654555287,2.7208699166180392
329844,5.491422000655237,3.6032295339945173,2.3895751920910433
330324,5.471393371529876,3.8594166442322955,2.575995874622115
333330,5.5474868591718005,4.121268460504809,3.3533898332554717
334635,5.28912395214826,4.017877327905617,2.6838012518313974
336841,5.302401902555184,3.6955973646951303,2.4055641028599175
339847,5.5061177112309965,4.085046485802086,3.0054959040322102
341834,5.433789325593786,3.9731004048362495,2.8481156539876253
342129,5.244146820685828,4.089984844223569,2.47500666065146
346137,5.551961018089157,3.7480360801610444,2.9578939251745218
346945,5.488457182382607,4.140396792214394,3.0516674475595478
348545,5.445160397821751,3.999607328581131,2.824838000035507
349244,5.450396078308113,3.8021849887666566,2.332015490548023
350330,5.48450480909775,3.7974598089636475,2.646048636314639
352132,5.46879771502143,4.19982520735092,2.7830219657821678
352738,5.391569794159397,3.7744237481598732,2.4367609387214206
353740,5.356462923834137,4.271352409496545,3.050055593136314
355239,5.496260881258707,3.904897254574697,2.251108719331195
356948,5.343421438469198,3.2507763932649283,1.7813810859515709
358144,5.386198500235828,4.2941112492481475,2.8469482344763275
360030,5.48279671520672,3.8884103349641554,2.5618313723254578
361234,5.408738870374656,3.9548146948740857,2.9145389387854763
361941,5.453271358250774,4.0394848827538965,2.370664633257911
362034,5.497271548634464,4.240994204640795,3.116194655523638
365343,5.45528181238907,3.954891091056312,2.4694520775531443
366042,5.525692111418706,4.3422247343067095,2.905337200777488
366446,5.3495921449383985,4.327897751909163,3.2136733241190374
368551,5.463863271888836,3.8611398978470204,2.428718938812689
368753,5.567228987763248,3.257717106637035,1.4891023118524067
371843,5.474598748808687,3.773232948738708,2.353570464275874
376247,5.344711267461521,4.1654020479224565,2.436278460238169
377451,5.333053316406097,4.218666750096051,2.3936588533217673
378756,5.392142857932468,3.4321715808514033,2.40643672932102
378857,5.46166328522505,3.659013038405523,2.1479123121411225
379657,5.449339361892289,4.2937267451524965,3.1926439514803198
380036,5.509483883937845,3.9723048631851907,3.218024302044007
381038,5.497079018792327,3.8678510236287504,2.5083212500324885
381543,5.392218266779676,4.150876198080337,2.472202392287455
382242,5.517653860527188,3.882858870139185,2.622190864900027
385046,5.443855854829134,3.7497463628554093,2.6225792886496917
385450,5.417876366708669,3.9799695826351162,2.4652639323095307
386250,5.4450405009318885,4.187213375984029,2.808822802409111
387959,5.372114127134018,3.8746916409294125,2.315043187161315
389357,5.405836046881005,3.479341562964463,2.2148786184779796
390645,5.455676033820417,3.8884101898754295,2.4671984118285595
391748,5.439723312832773,3.89549593599422,2.56494992173366
392447,5.4584528165980775,4.04338223731665,2.875493729805009
392750,5.454264302681425,3.7471546446139254,2.383159827744799
393247,5.538337866635759,4.273494368157947,3.245909802935992
393550,5.485067535997721,3.9093686921414896,2.127920192517447
394956,5.430379993743528,4.037644874437859,2.2572001429278887
395251,5.51632629124463,4.307596784735324,2.618738705931481
395756,5.3977161568631855,3.4005693174950595,2.3016176211363453
395958,5.323638183487888,4.095442801864899,1.9796401270181267
397154,5.4687982181169295,3.8547853980329037,2.449068449524352
397760,5.562649336270628,4.006267534300461,2.6977808639927723
397861,5.452582428867708,3.869350697646931,1.8367669500971868
401422,5.538826028013423,3.9237862822888814,2.8958644355648255
406432,5.369423801220736,4.117545026472899,2.4082988558923626
406836,5.364955292227015,3.718049548493484,2.5033898504238983
412528,5.4136911319288386,3.7158921398217375,2.856678849863411
413934,5.391827883993558,3.9049615305538468,1.6171718940079691
414229,5.469165413321349,4.403791985956889,3.2376361871582726
415837,5.496072920515014,4.187805553774018,2.9720944489679333
419239,5.425802249026024,3.8584979639189068,2.599920790492524
421226,5.385749983216691,3.378078211556242,2.0344905186291125
422632,5.534734025548698,4.005172371210962,2.8145757490617145
424939,5.347358243956254,3.797299677430946,2.0196692745716627
429040,5.4101029720989455,3.9128716262578105,2.412972172656543
432332,5.468464681340532,3.7054866556743558,2.575009137340555
433839,5.541107024565142,3.9768876006574025,2.5164385970465863
436239,5.438497490799759,3.63943387318197,2.7550759955826605
436845,5.494172739962609,4.230014908180479,2.881989069256975
441939,5.50368693019153,4.17026917339008,3.127809797864864
445543,5.53353252100163,3.658318353766979,2.4133781892998667
448347,5.504024762400747,4.264086332128345,2.4992065767791005
449753,5.364788847020194,3.8924438638620034,2.8529547949620553
453441,5.453199754198832,4.384353488152034,3.142243721764886
453542,5.535236687585903,3.764945388020355,2.6281390655435573
454140,5.35071887262814,3.5754896894465973,2.538429959257068
456346,5.509970910549992,4.033852708426132,2.126217115614728
459453,5.411014527290479,3.5940546728062146,2.0462698767457637
461743,5.506724623873367,3.9175519915426964,2.682165906422794
463040,5.3576223772445974,3.554646099844234,1.954398456785258
465852,5.4633381787274935,3.674499414866761,2.539818185534709
467351,5.523317219985392,3.770266641180194,2.5697660970112035
468050,5.508953581216113,3.6655061913964375,2.792113887310515
469961,5.480484873486245,4.061922832299529,2.2869978787818472
473952,5.589118315481773,3.677962714984444,2.3824757400763943
475855,5.506491187780977,4.084221318249705,2.4805945306098667
479762,5.412381797123617,4.2767092093144035,2.723493983163651
480141,5.263244911579389,4.132255383468343,2.1868754487267026
481042,5.499772384733459,3.9518131168185935,2.850154247595964
481951,5.453797654774406,3.9569504194661422,2.688386830864634
485757,5.413079747268483,3.4472350430965717,1.3235039670660662
486759,5.308456371490659,4.19835427625154,2.831733874699926
492754,5.42372474006385,3.799548878942573,2.9170155630618235
495255,5.313603736452066,4.282258061591031,2.979992516555284
497865,5.299885006915203,3.7633507519525717,2.480026391236393
499566,5.3993249802847805,4.324738853572432,3.130688172450955
500222,5.377301277468024,4.059044543769514,2.2303929096575326
506234,5.389030053801618,3.7744692632604577,1.9846125099525658
510225,5.334557574834188,3.643677055314048,1.8271461268236389
510326,5.370257104301149,3.903113077314762,2.3439950373239182
512835,5.50318275782677,3.9861678700734773,3.046818654996609
513130,5.509911307514981,3.5384339486796437,2.1954169084446775
513736,5.504134545373731,4.294809661852363,2.9834561303215437
516742,5.4548405110869265,4.219578479673996,2.862447197129226
517239,5.318043386756131,4.118415265894489,2.730357580922659
518746,5.501875147749451,3.6420001878029473,1.6972945975448714
519647,5.485017518316753,3.6185412527729626,2.373325124073309
519950,5.352079655772356,3.827074294765453,2.2841064310055286
520228,5.377185800784177,3.525938995753758,2.3684717670248006
521331,5.348850041162973,4.122375756787356,2.5498810855345155
522434,5.453235282806357,3.8728402859621007,1.9725619123089961
523032,5.355621992992326,3.803221686731179,1.6899334876177066
524135,5.360263115182586,3.8635290839681207,2.4810818008704385
525541,5.492157891829944,4.285949080725146,3.003956296493824
529549,5.261311171095357,3.82694863791586,1.870761945364199
529953,5.271014631930593,4.185417927400614,2.7425594164420866
530635,5.583051178225263,4.1247307301715805,3.122435119991281
531536,5.456434532018464,3.7388608625321598,2.5334007887937386
531940,5.446083344467155,4.062164172221649,2.9047762271263773
536647,5.427296713150965,3.612792186219725,2.6031183475600708
540436,5.1759079169946,3.969066999608637,2.1083548168073554
541640,5.503354467535718,3.89206375664249,2.833412089785897
541943,5.41309694293209,4.209280528122603,3.171276654900897
545345,5.390808630314641,4.2564603553471745,2.7918589579768627
547046,5.475921438431697,4.352048723937885,3.216251608867119
548250,5.487851491644938,4.017659851578895,2.9900745199593803
549757,5.471328649073378,3.695624209224287,2.6860698074562213
550439,5.412683058408317,4.170771893119227,2.975594933952949
552241,5.377794031851146,4.3716725150219835,3.4362132016500886
552544,5.411092641059849,3.966960119544293,2.4956294297799873
553344,5.429015101013944,4.180850877207513,2.323829662419302
555348,5.459366475258687,4.2240208364060345,2.674051940452909
555651,5.43092638364855,3.872468629356643,2.6241099183234846
555954,5.593769274734467,4.2152603989908615,3.135970201284424
557857,5.4463468757376665,4.043834662101132,2.6008397519427264
558657,5.482904928275098,4.140586895117442,2.7421229301112247
558960,5.524736766760682,4.1948260712466725,3.0383132496884877
559053,5.553083135029845,4.017181252051916,2.423662514360306
559457,5.344442767084417,4.214033616657863,2.8218671527462824
561242,5.4695622838630795,3.8200433279017814,2.38536915723817
561444,5.410076886984904,4.211705789359462,2.998840613297951
561949,5.383682547671506,4.04798805971128,2.240466222922834
562345,5.368199016393642,4.15740521641998,2.1838624800580084
562446,5.4345266043471305,3.93661949633417,2.5311878508669974
565452,5.576763937693193,3.4141958359764204,2.938907209929686
566454,5.607202368800507,4.022208923696418,3.002062271450196
567052,5.494376025039353,3.569868760919333,2.2429956175270824
567759,5.397857381706325,3.4243369969077757,1.905983049886799
567961,5.4692883085143835,3.880433386189742,2.7746299844390068
568963,5.488184081698039,3.769797858111237,2.678700455513134
570243,5.421898119291744,3.8146220469886694,2.708529493843261
571144,5.522994172008775,4.041961771779744,2.624019487412802
571548,5.596521070587876,3.457098301556941,3.1340611088806725
572045,5.347198435777016,3.8787398674190063,2.3774855008908413
573249,5.489593142362677,3.3451163198958747,2.1008009978678794
573451,5.425623886679711,4.13275715069384,2.55130779325699
576255,5.587566814720818,2.932140526255923,2.043551054184426
578057,5.481664428891071,3.564971972669353,2.0811102537460617
578158,5.333025260322301,3.9774461769931415,2.736669922605612
579665,5.441087268821419,3.837717347083095,2.333613152810629
579867,5.433842270364708,3.8778672605770486,2.696885762192103
580044,5.429429157441707,4.428452806029257,3.263254570952005
580347,5.525183068994244,4.084746447940867,2.7730303025031695
580650,5.540937166317459,3.5864701072621017,2.6672161948743174
580751,5.392705626667958,4.029824646519976,2.535471105599635
581349,5.202838691465675,3.849937082787665,1.824818168079794
581450,5.434811086914515,4.430063018375936,3.425053491862312
583858,5.469875141840314,3.844933283079836,2.63131856795665
585256,5.409457094063972,4.033982256147613,2.7556569672754603
585862,5.5379700657791195,4.096238616088393,2.9396357860889597
586460,5.484184780246884,3.7163943269526616,2.3537818047802075
587664,5.407040600895455,3.9913671607345376,2.5954855775422057
588565,5.553800134370477,4.002090192844426,2.7455387712647035
589567,5.36920432081485,4.341313145079151,2.673455057224356
590047,5.530831772205182,4.299087834364559,3.047592506904154
592455,5.519651443776585,3.274883071314223,1.8544285751657053
594156,5.392662945107218,3.788868897125003,2.3581390064503402
597869,5.354389993922504,4.077380202179674,2.636374683400708
598568,5.206363083598922,3.9679639099698676,1.873907723703067
599065,5.466558333275879,4.198275349260119,2.851282609856829
599469,5.614699339064398,4.308038726435895,3.6783291625781307
599671,5.3006887610603455,4.1153103604416925,3.0247128093264615
601127,5.4629066452464174,4.191611781156682,2.739437838043947
604537,5.492956945070366,4.315866907981253,3.280212899987295
609143,5.479394654679795,3.756006743845891,2.370909628780917
611938,5.501122376571728,4.259887891419325,2.9022779922882624
613235,5.452982039033104,4.037840324718925,2.959428538373173
613538,5.236569909550417,4.114353719206635,2.794038558063489
614439,5.407236616228414,4.098398832040312,2.922801284941417
615441,5.450866103721717,4.081616929711316,2.7955440782689007
615744,5.448826774541409,3.6270161418182707,2.4088050149552793
616645,5.379446755605933,3.5287116642859626,2.21496469724562
617748,5.456078207579376,3.9111157230906874,2.456361823655249
618952,5.305291833648904,4.057990494666461,2.2485767530134018
620434,5.442697862886138,3.9110300735729187,3.046478762401785
622236,5.493603517929467,4.1804475002224235,3.2051243491092376
623137,5.368664635079776,3.5718459196307455,2.4936600217648293
623844,5.40338879363981,3.812924758071568,2.387952201173987
626648,5.459901543638662,3.785483561919801,2.4802707300238493
627549,5.498587647115477,3.628097245701475,2.0360543043570014
627852,5.4562066916563285,4.099948812651917,2.62593127457657
628248,5.466451154435993,4.060425345261002,2.7478492147669757
633847,5.396595167779419,3.9123036603704873,2.3675427465415613
634748,5.472516373905058,4.177071939295073,2.998650850011865
635245,5.4507099955128515,3.8884536006055774,2.819665553015238
638049,5.453520129586553,3.6692634578286607,2.0846116683089275
644044,5.56796603654931,3.9541448398895085,2.855291968466919
644246,5.553349825653772,3.727594300664113,2.671488712847563
645450,5.356049627156263,4.1331459196984675,2.677305259442382
645551,5.300567558715813,3.798977084629498,2.8322514323537225
647858,5.3684721338353105,4.09913871942824,2.4825639927097813
654350,5.466442237819231,4.030142876446072,2.1674333244446853
654552,5.294455734782564,3.5703352162468978,2.3775837370787962
654754,5.50675237601068,4.002650720378941,2.671568844511036
656253,5.440108507768661,3.9565600429133254,2.802121281280272
656657,5.458665693473182,4.225385804813786,3.2222705135262744
657659,5.412354557644268,3.7346675639581535,2.7594615987771474
660951,5.528646712175185,3.96878544013052,2.7396922857379193
662551,5.39346424308983,4.348616239830695,3.026637421352774
663755,5.434832576815271,4.040837036113526,2.31112434313925
664757,5.435674183940237,4.341744061906708,2.543155028565413
665254,5.394231305282472,3.8284451428890347,2.452041404675092
667056,5.486568706744666,3.6356682967280194,2.445430096018287
668361,5.337772844578924,3.557940460264697,1.6036031492850247
671855,5.455496829295357,3.591699967082266,2.3076659144107157
672756,5.421041767606217,4.0866488160153205,2.8498554192809338
673455,5.479712905073152,3.9495475056930114,2.9696414220174208
675661,5.526926473655632,3.982171243813216,2.7853281866844415
677766,5.521960456344118,4.232613945692822,3.095729418790352
677968,5.52469867147524,4.06219309326104,2.83442775990625
679568,5.542183009830208,3.593158410999208,2.1844810267194603
679770,5.4473529111331445,3.6555878813482123,3.017766352778605
680250,5.470731891035749,3.796420180551964,2.326606987321863
680452,5.494080186303975,3.8100432969937246,2.2137285358187975
680957,5.482229526957769,4.035425931763446,2.5772453540833653
683256,5.418298209453922,3.201420930001375,2.416719953625528
685058,5.525914033406929,4.105539875952011,2.823848668146151
686969,5.287897729930762,4.091791408051617,2.610374040884535
687163,5.479217145339902,4.134467969631324,2.897525876078713
688569,5.512084930582857,4.08350914617594,3.255595890170939
689470,5.529984260545368,3.9337421788286755,2.543966607673467
690152,5.175562989827612,3.871442245388631,1.7342660472700213
692964,5.492988303734281,4.268352619008904,2.587002966119452
693764,5.329996666189574,4.314122997460782,2.658017153495988
694362,5.4505371307590265,4.1361049730710775,2.1817575732935284
695768,5.559268650809364,4.05442304480049,2.945756438365186
698168,5.350254032964548,3.9481233926796993,2.362595631802356
700634,5.43910654685823,4.029017041220534,2.477116193457259
701535,5.387340712438712,3.638339776802884,2.457937362477024
702133,5.451169510919536,4.067280291122785,2.620833770348998
704238,5.447106456526115,3.6588698069452046,2.0208720802203137
705341,5.3679273542341495,4.078033122372182,2.6045495445177425
706040,5.480780443011832,3.8473514784233234,2.7295247977319455
707749,5.4500983851456075,3.766511724994377,2.6097898762822513
709551,5.544233113105464,3.8944027881649603,2.628673823666435
713239,5.337523705055438,3.9558429344403305,2.721855388196238
715041,5.419044925402792,3.5056770490490945,2.000545180695579
715647,5.428319442086312,3.8915882274823668,2.6469842445197145
715950,5.553552697196833,4.036786446995102,3.412392664881567
720337,5.397079921546835,3.8441653622603815,3.0630279698551033
723141,5.538138443271755,3.6210050938125073,2.5351814619018658
724446,5.489351524473967,4.22994793364082,2.943950910259835
725751,5.406935254363147,4.014881190565316,2.3348514468279875
727553,5.534866904892102,4.024742084346675,2.521471077462236
727654,5.437505129567124,3.9874737205736057,2.455498118375483
728454,5.521670725825035,4.182018700646123,2.794323358712526
729254,5.371588516363476,3.9938292189812388,2.4106774926672547
729557,5.4565820975334995,3.334652432179858,2.3761012877117165
731140,5.420615024142051,4.185134883103233,2.3673085662696534
732243,5.390032943279387,4.000903812657616,2.857888965106412
734045,5.50307916453953,4.15478636099236,2.8392720233497952
734247,5.504236981011182,4.17231882959565,2.9447734045618006
735148,5.304696019733761,4.271479118266877,2.983500869057837
737960,5.415728642509652,3.6676952390264552,2.4366514093432907
742549,5.386664170511534,4.049579191358511,2.846292975682936
744553,5.374089062453276,3.766759124901752,2.209063896415806
748258,5.359407220440228,3.545893212491015,1.691108059278565
748662,5.565507007548927,3.7263469195718737,2.3770251906055497
749058,5.476910859596977,3.9813465634628566,2.460258211458646
749361,5.44770300389709,4.155858699091671,2.8010712101870485
751348,5.428423230903042,3.9591546965692967,2.3818982872578824
751550,5.34609855119702,3.895768349392107,1.703726105866313
753150,5.423003277549691,4.191460811498461,2.8914203445809887
753251,5.351115929758298,4.165106143046207,2.9504954195914297
756055,5.361229682100879,3.599489971953278,2.1347670638097695
757764,5.470905272336815,3.8390624496853434,2.1840409604638826
759869,5.410985670212899,4.187839904654066,3.184440120141368
760551,5.357762080208631,3.7776214526900964,2.410473410968579
761957,5.445233298926609,3.6726198995995607,2.232055903699183
763557,5.527837442360227,4.214839810060891,2.8254445254551697
765056,5.370344474519368,4.290377208073018,2.9265025423809736
765864,5.465545169146522,4.1798616971734095,2.9726389762164542
766563,5.362309052411238,4.046226389182478,2.5234012603821867
767464,5.529948932019503,3.7895564434348095,2.580838058557342
769064,5.299724375711988,3.8960298378157305,2.661176287338172
770352,5.464700992921834,3.8798620119296268,2.891406225594635
771354,5.421802085859024,3.888318733594925,2.446923108218245
773257,5.451930923079417,4.267636792930661,3.2440639082618166
774663,5.32058525913474,4.066500141268628,2.862866892751128
779370,5.405246738286472,4.02143407044563,2.3784131252012197
782561,5.416284710699537,3.5459747167704183,2.026254725939986
783462,5.424633298034376,3.7456365033318764,2.4629470432004053
784565,5.380647071754041,4.457536365024158,3.276610782658457
786569,5.5875922764304,4.275666055967304,3.613044680709594
788674,5.531996247616291,3.11164041930521,2.4647078811843244
788876,5.578631699966872,3.5657978288961734,2.477357997679527
789373,5.341748725067113,4.180859275304573,2.653496222081327
792564,5.476376673671116,3.5602516747355804,2.4238841470951713
792766,5.384370998392922,4.078250081554194,2.944626962405485
792867,5.318690422926608,3.7331076713734337,2.3699647180186556
793465,5.416444756684206,3.9215609634621704,2.346267641115069
800941,5.363948828558928,4.14210558279292,3.038031416515062
802844,5.48458277839984,4.2464705190537675,2.7383039235116184
803240,5.382206338068177,3.974345101070422,2.7277613507123766
804646,5.442060031825148,4.4772532908573766,3.2334373287666094
809252,5.3853663009540504,3.584273562422726,2.4186964573385668
810439,5.464429039731365,4.03798698339587,2.8062928469412953
810843,5.371672878652262,3.8564173049910457,1.8801670451765131
812746,5.331790279942093,3.9124376518826947,2.225856715261549
814548,5.451472538926522,3.605738479191066,2.507049231022126
814649,5.486762910623414,3.793895531417887,2.20109989605741
815247,5.200693355008044,3.577162799913606,1.713186098683088
816653,5.504971715703053,4.248610847916782,2.5471966570011713
818455,5.5411245795376285,3.829159146150045,2.6421169032737684
818859,5.510015053149431,3.8703877678505343,2.722659636466542
820745,5.419859111265725,4.080179267983715,2.8555989769705863
822244,5.547826658555977,3.7309605024921444,2.968114967200048
825048,5.406830134936309,3.6684003594166184,2.305396762419185
825553,5.253986878213314,3.493099844112331,1.7401535564407276
825654,5.36110280776982,3.354593562017415,1.9548000043656257
826353,5.4428077209207855,3.7123772668022026,1.6991223524089782
826454,5.462609882736027,4.102857228510668,2.097893864307656
827052,5.475247359861304,3.751992511237529,2.796589834881553
828862,5.268332175722464,3.7281170257936305,2.003901450668825
832651,5.318080579980748,4.033139510453632,2.493048548918141
833148,5.3927860565489425,3.778821068014464,2.4618099021959257
833249,5.450787205877751,4.058885998876029,2.71605914169431
835657,5.379410409249909,3.95372868455857,2.250447283325832
837560,5.383088019622083,4.0390294080998554,2.2760981675591454
837964,5.445301002228862,3.424266097880542,1.656838240575327
841349,5.492057145095152,4.509799882344145,3.2982361655944348
843151,5.266254293736645,3.7635264025173627,2.432577462204058
844961,5.547626764856677,4.06940875512058,2.8014336536331674
845458,5.480352566176401,4.100612537717595,2.7924211184734578
849264,5.322881624292382,4.206027352816333,2.7081174272465667
849971,5.523282586359638,3.9621535709649236,2.8920747736912573
852455,5.421535143797585,3.6701249888033898,2.4476417378669733
856463,5.449701002906589,4.012256700315094,2.7127269547210933
856766,5.480745540466793,4.001322323013732,2.5494643744825143
856968,5.3940487851935055,4.032312641216465,2.2155119070944864
857263,5.427756836639104,3.68577222010561,2.3955323851681873
859671,5.581338516765974,3.7526038362702687,3.242399552568972
861456,5.391907569835987,3.561097739101343,2.1113232794241523
865363,5.35681585461231,4.195804958988747,2.8228181297044084
867468,5.507535997550652,4.019214928722622,2.5320191699602232
869472,5.41374890533705,3.9668828271338388,2.3348799701992307
870861,5.431018182982687,3.788187937690152,2.7380326330510285
871762,5.39687949574771,3.892543849784707,2.824892993932797
871964,5.437993413532831,4.052576059310946,2.3430406480755526
872158,5.505518535683103,4.136146181462201,2.4170237749200947
872562,5.400203744503786,3.6138068248693256,2.357079429937214
872764,5.48979111414088,4.134911590877246,3.3411010939719565
873968,5.472516286110397,4.301474597312751,3.0396956089965905
877168,5.490220749721314,3.6167259439685715,2.1862740682081703
877269,5.342583052081844,3.5501254889939813,2.13375740229324
878776,5.21268734054952,3.580611374930386,2.2064766666966897
878877,5.374781103115624,3.597723064560046,2.6410757218941203
880157,5.503382835804325,4.0938266831067285,2.949893389027827
882161,5.493741106477172,4.342507780387128,3.3084312313955633
884064,5.489247538018163,3.882694753759335,2.479954566101392
885975,5.440331119511778,4.3321205447816205,2.979978819706817
886674,5.4762204318092165,4.126093793993941,2.991197170430063
887373,5.417386149820798,3.657332676047549,2.062824876616288
888678,5.316845497008753,3.4604155237726126,1.8488241528893279
889579,5.494141131188295,3.9670598781764306,1.9824330014212674
891667,5.482876921677321,3.8237580934921525,2.0063638028084885
894067,5.446075389887814,3.5443860481053413,1.6131629269528691
894673,5.378824829110182,3.7807522471540556,1.8821322300338443
894774,5.525490361663233,3.6877436645253483,2.463362950704262
896778,5.490933480104276,3.694924614115198,1.9670647766445033
896879,5.469349263351075,3.918385128403826,2.3085149136006393
898176,5.389868838734166,3.79336708912884,2.3432272198443225
899885,5.486497975781138,3.9620647009898633,2.4430689951227165
901038,5.497610362626188,3.9963688910282813,3.0366739442691473
901139,5.310231856576077,3.8600023107688517,3.0310548267998674
901442,5.544868208137241,4.156668208344121,2.910153482001233
902242,5.519437884360907,3.6630843072298966,2.218425807119531
904044,5.349078504165241,3.2066280473493434,1.3073144464527144
905147,5.467627494077209,4.307728516951512,2.755444311128405
907656,5.346919488322131,3.349798145875981,1.7142648499314763
908860,5.437230671651531,3.850341281210949,2.22839473910364
910241,5.2793288354639305,3.673431938402984,2.2617402797967854
910443,5.415304017140822,3.804636165998438,2.4341412193756073
911849,5.342145890135839,4.123910738830628,2.745977356940834
912447,5.556262078648786,3.7942719547910913,2.834082033544054
917255,5.448661471533088,3.734484783057722,2.4058122531640564
917558,5.547100350576501,3.6236348108234315,2.3369513172700107
919966,5.414592041697892,3.865161762365171,2.779827236270619
922854,5.482598291073576,4.003325660437321,2.5171501753568406
923755,5.50127797813894,3.8858160704356606,2.8658282912270305
926862,5.402474842036532,4.265658754309012,2.366710394335079
927359,5.360508786975794,3.9353161371558723,2.856754514297055
929464,5.455686528000647,4.159940521945068,2.779571054598297
930449,5.203510046587383,4.087250751256651,2.4641880007720607
932554,5.4414068839888685,3.8516045736353366,2.736071680716105
933253,5.497183338403451,4.098709263365556,2.8885997490075352
937160,5.487730425069375,3.537089858936864,2.3919415989279527
942658,5.360623359041621,3.95676729353768,2.3644450960416794
943862,5.38589978412092,4.081492956746935,3.0561163032309806
947668,5.423669108144495,3.963189152829633,2.281545055376708
951457,5.344419449070765,3.3433846651464587,1.799208903274835
952863,5.364973882960978,4.088381679104165,3.057326549471024
953764,5.4832321349413995,3.4738153898694097,2.0629992387811877
955465,5.463207654470749,4.186062453274829,2.7970610800203723
957974,5.502495238733674,4.186671856856698,2.349213722086636
958976,5.4194259673951555,3.9604150243700103,2.574513270671127
959574,5.476400456101657,3.9706559843779554,2.6405909972895283
962058,5.329346613905318,4.033315510843719,2.487160148071228
965367,5.438019025074151,3.7683258591625552,2.420868518536901
965771,5.324775090589216,4.0958941474466,2.7947857785564407
966975,5.464092971378223,4.502703096331872,2.8825065931338005
969476,5.416759257513377,3.1036249409061485,1.1521466418064252
970764,5.516682250072496,4.17957310453016,2.6552094036132243
971160,5.476112518140037,4.078116143774346,3.0446740270105215
972566,5.54952719757577,3.963325958513528,2.8053274481463255
973770,5.411952785136912,4.149660362905939,3.076222669262983
978578,5.33650708465776,4.139509645737704,3.092336649893204
979984,5.456075361043632,3.51716122470763,2.330878320036534
983773,5.450347913769838,3.701533224160539,2.152000807008837
984472,5.396674504539485,4.155320074620391,2.766864719079335
987074,5.4909629834167,4.166865238100804,3.0080593021474296
987983,5.381491164552627,3.892055240069827,2.980404847930519
989987,5.5606510969318315,3.729653659875763,2.493146681566603
990366,5.444989289589267,3.7984765733397827,2.473372249649429
991267,5.48498834339223,3.846229919619777,3.007234444822392
992673,5.395150533138132,3.8672314624846362,2.842157106699606
992774,5.349426630912064,3.7736891642186428,2.4122200036790646
993675,5.522323277662387,3.786810578033226,2.6934569210212698
994273,5.337813991142619,4.079023153852629,2.5371489975910166
996782,5.488490940198109,4.229837282519368,2.5925780931846774
