100206,5.499650223000613,4.050910036583662,2.3053210604037564
100307,5.5653809834693915,4.069489910451968,2.2701984812118936
100408,5.372692224321484,4.167649004226395,2.4037257011446074
100610,5.497976739450213,3.945418590205921,2.4667848784009565
101006,5.600493195770637,4.320500797763793,2.553042127290491
101107,5.3911295673044,4.508926974960757,3.237767575752579
101309,5.445794837718994,4.065119448353873,2.2563392164071674
101410,5.545685826512031,4.254764833351265,1.732556161183249
101915,5.490792667706326,4.247654088216798,3.2741004368115867
102008,5.538268443013203,4.374361930681745,2.924636836568535
102109,5.343962411028157,4.178701510798117,2.776333199690662
102311,5.388669366987333,4.159730037968619,2.5217387343080064
102513,5.427813682035116,3.889971924934886,2.4901096416398887
102614,5.593956958722901,4.25583698547984,2.9536730187605493
102715,5.536858879860677,4.453873050276299,2.9733455927033394
102816,5.40190932222576,3.8346403999101732,1.7461476972708758
103010,5.573879253407466,4.52018003327201,3.493420426061471
103111,5.501359785634829,3.9594145489558885,3.2116613401893632
103212,5.499209797516868,4.2081702527003655,2.4679756173190275
103414,5.563303898376756,3.8690101393140575,1.8637568540739289
103515,5.5605827530346765,4.2840257822031855,2.883307345699766
103818,5.478460652635934,3.888434677280717,2.413639789392795
104012,5.542761694602577,4.019285612512517,2.5901419321103396
104416,5.343780985891319,3.7749654191122266,2.1292685001954914
104820,5.528018531785509,4.2615839816837235,2.916696659200023
105014,5.584149827406375,4.20154449004535,3.1722544424290033
105115,5.604874886612051,4.319952140479657,3.67938769257683
105216,5.454885109261992,3.844562023834814,1.90795824713085
105620,5.480805212547848,4.152935075243632,2.5802028290862458
105923,5.503081056866891,4.25118705145626,2.699159964194441
106016,5.4470353974653385,4.202915900169479,2.8060283227443903
106319,5.318602313285798,4.2337963960821305,3.0585175813709276
106521,5.5809863566942814,4.339003612134001,2.900988698475561
106824,5.477577622000756,4.104310008191055,2.72547890969178
107018,5.48554430529609,4.12101560690773,2.397946280521915
107220,5.55260509925092,4.110032384926906,2.683276532086472
107321,5.563688831688033,4.262229483626198,2.7579310944809188
107422,5.446495171135457,4.403199728570367,3.2140766416498625
107725,5.56168280888969,3.9081762967785405,2.1470188760894002
108020,5.479269073386024,4.266217998227564,3.02711699627375
108121,5.537967153977396,4.323651315325159,2.1424039754240507
108222,5.430766582192513,4.250884635730048,3.050694059048251
108323,5.4715668203700805,4.217618575734689,2.425973255644789
108525,5.573269504409098,4.573609556577694,2.763642450467523
108828,5.293400693089177,3.9353181071576357,1.932410396832094
109123,5.450643291140318,4.305934346744313,3.0581583949503273
109325,5.429209646514486,4.253880323117116,2.8880703984822844
109830,5.5778574389161655,4.083773904663536,2.8539697441372556
110007,5.59268329614254,4.053157644427396,2.4444761368676224
110411,5.370974134721808,4.2578832822688515,2.792083254432976
110613,5.491195693094722,4.493317486319129,2.5909342079068507
111009,5.605402527848126,4.318540869849721,2.9917376238873428
111211,5.508058670012993,4.11169900716211,2.7154464233312967
111312,5.510362406594131,4.341922082665948,2.382424190111413
111413,5.496045874121558,4.0440956333896585,2.299703140659967
111514,5.550516145872501,4.309744849311345,3.049627173532473
111716,5.516594228396381,3.574335645641083,2.4622649473595857
112112,5.334537026579357,4.4424806318901195,3.217845069600626
112314,5.4654146808813335,4.37537112786914,2.4164943467303237
112516,5.54246942461684,4.21291662191386,2.7592842811811042
112819,5.559284366458875,4.207130003608775,2.6414407526182635
112920,5.350076106766588,4.3313102779414425,2.629352227940071
113215,5.518348377936293,4.359675535216427,3.1545151144852404
113316,5.531240913317397,3.9709165242899904,2.2228457557409147
113417,5.570154872600064,4.228453739073438,2.5538809635679645
113619,5.510345886717375,4.158424764529906,2.4273861037667945
113821,5.6062509479887375,4.360294377516513,2.9986724424075146
113922,5.537054841903061,4.38315831387559,3.1211719322580933
114116,5.369101238471609,3.599016928027926,2.5520831647387503
114217,5.445383383030867,3.750795799284268,1.8002546042459
114318,5.43628499125792,4.273845595293989,3.00063240753904
114419,5.448300164598503,4.345954291437687,2.3381604286423237
114621,5.45975452710738,4.21324497640293,3.1189618832807255
114823,5.509572939182039,4.232272665586893,2.769335827417376
114924,5.55390099446604,3.9179959062711744,2.901515966764987
115017,5.472598156048265,4.155713977079572,2.4509645644906435
115219,5.522377209624095,4.295242905708185,2.9829094534434657
115320,5.517073733195795,3.849897297728087,2.0234047232440857
115724,5.482763865902247,4.319925175131506,2.444633201704601
115825,5.37772378578302,4.336317108879948,2.295522884745861
116221,5.494445070278263,4.088270502755784,2.3128168559672915
116423,5.5313778545292545,4.638201746583298,3.3884408502973375
116524,5.461952752065613,4.294364079969215,2.3255492085269083
116726,5.601853354804109,4.503774974177563,3.048611401800801
117021,5.5018642006687815,4.3667189930407995,3.0210974429761297
117122,5.5039144244282445,4.412489728629188,2.959089351508451
117324,5.512992823381156,4.170118057318234,2.7661585917561746
117728,5.397920971979138,4.389791353698102,2.8391405293140917
117930,5.587199641262225,4.371564585836799,2.762339671553294
118023,5.4340182900241425,4.250117550180642,2.599549278350387
118124,5.621393641220906,3.8849106481246145,2.9215559477448703
118225,5.4915876451874865,4.238870196784105,2.7950546741378925
118528,5.4087016475768515,3.577903062783319,2.229359387700799
118730,5.60069162168727,4.2055580177864575,2.3591265884236945
118831,5.453677732424001,4.283420937832186,1.8664042207441454
118932,5.522494348577115,4.249114859221631,2.740146693180877
119025,5.5146799730556735,4.088882906018714,2.8819466337076243
119126,5.470254724437556,3.822912385871988,1.5635187764589866
119732,5.4477074525904685,4.036449668761625,2.1900457132651483
119833,5.556358273637071,4.10878627494183,2.4270298731566653
120010,5.466235416575129,4.496299506136262,2.941115661803119
120111,5.536644636945274,4.279185739652036,2.9373102731981846
120212,5.439041809660168,3.83221515996651,2.7150789761958154
120414,5.4245645031773035,3.7674395018674205,2.2869421878950082
120515,5.670980682461061,4.525211072490777,3.3787551246178107
120717,5.451410136267685,4.086328058383794,2.6597343367350015
121315,5.5617438025119075,4.135167330712289,3.451945667666055
121416,5.5238421188258044,4.58758287150166,3.267983936195266
121618,5.558321681323687,3.9568440541471093,2.4047276087524536
121719,5.410147353085639,3.8839963384477865,2.5245368107583914
121921,5.492038150418425,4.25203195544101,2.9289482631764643
122317,5.648677005687568,4.488992898964878,3.119271147304865
122418,5.516650676562812,4.018556527365371,2.7228201075147846
122620,5.5187837748581385,3.833661774636834,2.8634199871807633
122822,5.557099523492756,4.216006327506784,2.001876387991903
123117,5.594351886849057,3.949811997127066,3.230362649252384
123420,5.650393128869802,4.469379859325122,2.8375672968714962
123521,5.525149425989103,4.2008076094457545,2.693200179110814
123723,5.479327109348557,3.785875972333771,1.9744739921412098
123824,5.454095862841306,4.3425874595331555,2.4638342758098726
123925,5.499536413995903,3.9980717630405764,2.376137172252983
124220,5.566707081509354,4.04506853338058,3.0226498579967833
124422,5.385159826075002,3.703474168247622,1.801764721451594
124624,5.565419755250606,4.387188517192572,3.0287910021852165
124826,5.511605544005362,4.031881740361028,2.5132147420145037
125222,5.551187602780502,4.186033403393679,3.178389182014301
125424,5.426003724851477,4.2547786531366825,2.613971040353487
125525,5.6077684637644065,4.298881699929349,2.7165047283412997
126325,5.542032855792702,4.026622648947205,2.5160161906234655
126426,5.566069372288054,3.6865855476342007,2.869549023788663
126628,5.453538681171872,4.08390567498849,2.149486408617245
127226,5.521888332566675,4.3703799428888255,2.7172216535837155
127327,5.540681484181005,4.05033990997641,2.721512902103647
127630,5.525683171571849,4.126740437741416,2.6020711413889517
127731,5.500798034685265,3.9161692160305295,1.884762497503692
127832,5.45458232136949,4.285224131097059,2.952695597653293
127933,5.5089265844314035,4.29477068823864,2.8209996591470032
128026,5.590220171859013,4.578564274330562,3.5022581800549695
128127,5.498924306685297,4.117199116648839,2.6000071515412793
128329,5.474470570236478,3.7077319822365253,2.178214322334037
128632,5.479854262937921,4.261071478830764,2.8182701195199416
128935,5.557221051314675,4.016855256608075,2.923485881974665
129028,5.503417879332805,4.245993268531558,2.6876207660566624
129129,5.458870098208779,4.077820587694375,2.3471610119298165
129331,5.521750828708304,4.124321614195399,2.5142709197665294
129533,5.543570567352146,4.0034954929495425,2.509656978362101
129634,5.47543114517567,4.368883964584033,2.884018843323529
129937,5.581928056845759,4.080655255345484,2.755761852193386
130013,5.601839614645727,4.260776270493043,2.885630083758227
130114,5.4966622563294,4.253459873408854,2.823596381643987
130316,5.576280479892525,4.412763200468264,3.1446487302105517
130417,5.5487748272613135,4.5587247572945175,3.4181432666255596
130518,5.4885648389986565,4.20581140253732,2.5627819963972405
130619,5.382312355925519,4.077388463258182,2.7576487581498528
130720,5.419206519052887,4.383658361084892,2.956271239734819
130821,5.495704880743393,4.097369973199751,2.3544130603647484
130922,5.527935935173408,4.17582382521835,2.6811257742825867
131217,5.520901744571276,4.192280842482704,2.4538208378344484
131419,5.5685325334183124,4.266848883090511,2.8029422507354793
131722,5.474598828962726,4.188074767926226,2.8139290067489418
131823,5.4829663990335265,4.303699696809805,2.7219910096500843
131924,5.634316929449494,4.5940358719615215,3.1357661627616427
132017,5.535102971317579,4.210826083718792,2.6021212914085283
132118,5.538099864456879,3.983246809598513,2.2238441168866308
133019,5.531798956150745,4.457928394113092,3.16799467503213
133625,5.547546153033575,4.282897193662491,3.3065364145056093
133827,5.363112149498942,4.348092102612196,2.779323276647653
133928,5.479550031106799,4.463631226836624,3.213624865944478
134021,5.3994078707228255,3.9872247614289966,2.7347304355511284
134223,5.425499831574628,3.9103901931981055,2.4186021941461644
134324,5.447644236384078,3.9835036061241005,2.438064582744766
134425,5.513731146541673,4.180613605374826,2.163494799649049
134627,5.575977366270098,4.337979153247567,2.8937959808398124
134728,5.506466493111684,3.9528749063317674,2.3061567302894574
134829,5.491152560358641,4.411270499261576,3.1450002460967394
135124,5.462202711665889,4.267193955856804,1.8598124715820028
135225,5.499679367276511,3.7570678895573226,2.2111388526429776
135528,5.561698304278001,4.183946478171423,2.985567840035743
135629,5.427400780733698,4.111830634094902,2.5321325996304496
135730,5.435139208136572,4.046625512592049,2.0707137624801755
135932,5.430161337809863,4.406703686194031,3.124727019845903
136126,5.432833988521364,4.013387326305952,2.86378465948054
136227,5.466118898680115,3.8655517165115256,1.6516727178481234
136631,5.437956471163189,4.138873677095667,2.6232190238927133
136732,5.598363991577531,4.112327907004973,2.908683957715951
136833,5.512889076926589,4.35328688890743,2.463524821085684
137027,5.519506374224203,4.140081096088097,2.76528431599076
137128,5.526181139003254,4.1080052414983035,2.3951377257585267
137229,5.586365872369531,4.286808901080102,2.865746185197431
137431,5.490439613820617,4.270212988568771,3.1101156850901717
137532,5.577824908434705,4.691239700386247,3.8036446168583162
137633,5.490975986331271,3.976545298821484,2.466504873371043
137936,5.621553290194924,4.772554951903822,3.3141953456478204
138130,5.386541418905468,3.5178865006362257,1.779894260112825
138231,5.545954230788348,4.004742116528721,2.9249059691120776
138332,5.499520264040674,4.100516843479295,2.018847998738999
138534,5.393978611865212,3.9563961616927625,2.3365220529901753
138837,5.485245652448245,4.535444466399967,3.3035952707394824
139233,5.532997289163518,4.0958663297089535,2.43292556688575
139435,5.533998756641819,4.226237079767563,2.8800913957126757
139637,5.507548532607551,4.450006940546069,3.3016791808855026
139839,5.536461403811768,4.080880520229558,2.657713416568782
140117,5.52826990598602,4.295579369415943,2.644111380358889
140319,5.5200436566377125,3.938611029697807,2.5786634240782904
140420,5.391359472911905,4.139783227241035,2.9371839529992454
140824,5.483063807075065,4.255569691998903,2.604731500209511
140925,5.570684623723204,4.332007335394884,2.49586053456274
141119,5.463256626778098,4.2071838107456845,2.6867806683837676
141422,5.544319459645561,4.133241484149457,3.1667802198883965
141826,5.568314858990852,4.131005269635734,2.865252375879339
142424,5.670804208409123,3.919735853138194,2.5569366121474646
142828,5.453635181294902,4.433264479888638,2.9094360198340623
143224,5.277331785887132,3.9732615648281673,2.2026462257085666
143325,5.497145020323304,4.103805003620816,2.7472989140007837
143426,5.479427204031036,3.960267107423272,2.0966675610700642
143830,5.507834658758427,3.980727872961412,1.8454598876249604
144125,5.429516333415873,4.104264020436309,3.051046337016309
144226,5.556739739163252,4.151974939000113,2.6727222406872704
144428,5.513067947808133,4.53797185491432,2.8398055700404945
144731,5.530846022969185,4.450482826849541,2.9008453846313302
144832,5.580271917554277,4.315993792638109,3.1895837211663465
144933,5.554297586717361,4.195018393641793,3.134977791885866
145127,5.549490905506282,3.9547230117526495,2.4737544522617787
145531,5.527912985503425,3.9869639666811745,2.584890617962525
145632,5.573077460686221,4.27779217073823,2.9470683392001513
145834,5.465989389761965,4.236093956701036,2.6126787716714164
146129,5.392092355394284,3.9762165724173646,2.2909877518696304
146331,5.667464355989039,4.085235242626336,2.3159990278534797
146432,5.479411902238697,4.322230465087089,3.1536350459580467
146533,5.436882316703836,3.688691246709971,1.8590075652142535
146634,5.52622333177658,4.10885691352956,2.738701385116196
146735,5.604528230726913,3.958728059095234,2.2179453167911163
146836,5.5766061182388125,4.362581746209519,3.2365579836441305
146937,5.620149729541914,4.010200721958584,3.1276324266888715
147030,5.424434567915561,3.83738198112015,2.005257088174786
147636,5.449801366893204,4.311970962261917,3.2559493521510903
147737,5.525296701580463,4.17395358186658,2.14088952479037
148032,5.34802284888579,3.4913000031814487,2.4495707573937096
148133,5.493708747405483,4.3542440875305815,2.742625941317218
148335,5.629683693839658,4.076057601101079,3.3558406198173576
148436,5.469082777893038,3.7260779196487723,2.4273333149107676
148840,5.570948489117471,4.319633561433196,2.859164121837595
148941,5.506915994390268,4.179591514436898,2.4682196759015986
149236,5.577726541072379,4.237279578517643,3.0702231046229915
149337,5.608468581511198,4.178217647698787,2.9348928734104422
149539,5.5653789134686935,4.370927432316404,2.9760051199000808
149741,5.584758293300002,4.345726445933032,2.9754428324180595
149842,5.47944859826427,3.976632674732758,2.491217698382361
150423,5.553626062995029,4.019370712761452,2.1130195024342444
150524,5.542223762316142,4.147111531956899,3.0932542940637333
150625,5.453001744124911,4.139819918061814,2.6311585968978304
150726,5.489611614810688,4.285458400349718,2.727293529945643
150928,5.465311621911548,4.326744621215574,3.000869895245942
151021,5.5116574052508005,4.195883188199414,2.89703978905862
151223,5.456712275814905,4.190675773354456,2.9216758110502608
151324,5.53450577050733,4.150569852201678,3.002580502537597
151425,5.4576315978196925,3.750826727016628,2.2324388650617704
151526,5.579533125215715,4.556377433895919,2.8536689958279218
151627,5.471815423757157,3.695663344783057,2.5666916166401097
151728,5.573732038586291,4.089496169461238,2.699513593496607
151829,5.487759354730672,3.7969665050993457,3.1022835040644816
151930,5.4695514256953945,4.294439835612764,2.8715017277141466
152225,5.423050694835266,3.8658739643751963,2.7335314976130074
152427,5.422934039309977,4.2417215058955895,2.4242480067376064
152831,5.507224241518371,4.186091990026734,2.8041455753586186
153025,5.492450067743907,4.328345303758526,2.67554659531157
153126,5.449422237442353,3.8735713156682032,1.678326892872503
153227,5.50837143049275,3.7605742704790734,2.072562280056174
153429,5.503018784139077,3.9571826927398908,2.7617642232013626
153631,5.574171154644424,4.445918406379608,2.5763778941538025
153732,5.359101985393564,4.220938856543848,2.3734451781380197
153833,5.566279656594164,4.353940701803088,2.3585060978526267
153934,5.54307964061858,4.448152729429788,2.817522893534275
154229,5.458761177087929,3.902807136173087,2.1065643653449926
154330,5.503542944034162,4.317795571703805,2.968324952230498
154431,5.524706095054844,4.320332166046714,3.179797514508658
154532,5.597117006081762,4.340724826642915,3.14731485378759
154734,5.476380180409115,4.370453118126788,3.3750905226631036
154835,5.534653568785014,3.6299495997354043,1.972529148344473
154936,5.61621999261089,4.447776029899415,2.9363509692180205
155231,5.56311440519691,4.251681275841031,2.4046600700866416
155635,5.590940053747079,4.426691076380348,2.960935385144172
155938,5.414344572004752,4.138572511764765,2.707380104495056
156031,5.456490881868613,3.9774816596999574,2.2864142905357125
156233,5.464426727071811,4.057869641670374,2.7700522528088576
156334,5.511783688328469,3.6827200598486627,1.9703933775251723
156435,5.461189788550683,4.3780069439267395,3.0860367547140615
156536,5.5608445859956435,4.293976314720687,2.751410796261889
156637,5.532942955776038,4.371873245627387,2.9005810289619443
157336,5.510173648847403,3.986184160944426,2.3128786671214465
157437,5.43854595549205,4.457078769418522,3.0308766308941335
157942,5.544920973386333,4.204784800685054,3.1069973481480635
158035,5.498322488100304,4.211861231774041,2.589535149062579
158136,5.529917883632026,4.176858601735625,2.896755629812831
158338,5.566545368494492,4.4054530239741725,2.983182319517574
158540,5.400124799650355,4.26756040825243,2.8156450916277427
158843,5.564762669968864,4.165232576406635,2.4662016998012697
159138,5.523562723569243,4.294393303313415,3.1392812912495156
159239,5.592200028590871,4.290831032861855,2.8465785092777383
159340,5.518821108878215,3.944593204328582,2.404666016850308
159441,5.5130156451314445,4.292743886987847,2.824719898404263
159744,5.496860061572186,3.8522154953082706,2.836574243013334
159845,5.449777650203023,3.6179371691501774,1.8376289614487724
159946,5.597792225086282,4.150963232267213,3.222903913707989
160123,5.393095838926629,3.801817126447767,1.714552624410986
160729,5.545240404279237,4.364643791498082,3.106588325384123
160830,5.527840774268595,4.13808324933536,2.7517784768015767
161327,5.518558582461967,4.09213817098386,2.3501434149491325
161630,5.463393886169325,3.846765750831787,1.979372765196273
161731,5.463750605365822,3.97197615185239,2.5102366972478856
161832,5.398084989890188,4.135280776301374,2.8521843430875284
162026,5.429958872254066,4.008142660287667,2.622335644113997
162228,5.448111664962597,3.964543965509139,2.4906130574258336
162329,5.559903645445579,4.501406288373541,3.10033248146953
162733,5.582489671433887,4.451783312664382,3.078855871925354
162935,5.551728509277562,4.146066802659994,2.2404267953758805
163129,5.453161423244637,3.9567923113030425,2.967088934218255
163331,5.507293095202623,3.9833562537916976,2.7074568835593458
163432,5.541074461913942,4.148046690415233,2.5641143933967636
163836,5.576887592863696,3.698006050869115,1.882493982335867
164030,5.660110024110606,4.440374990065626,3.2160687296378216
164131,5.574680948803037,4.2247827630553285,2.435040874086311
164636,5.588403137137723,4.571339048768248,3.4959195828955267
164939,5.5377858079076185,3.9168326238940465,2.6303269078444123
165032,5.459420183804855,4.058204086930231,2.591289043526808
165234,5.545400195178792,4.535638902773642,3.3049858212368055
165436,5.593876077093346,4.366169908010677,3.0009658392892753
165638,5.44880936302538,4.181887185838634,2.1838639692036588
165840,5.383913792232696,4.1524116327312015,2.814681869102907
165941,5.6331246514475435,3.869165702668507,2.886138170437131
166438,5.539218739619575,4.030297064261752,2.827693617081807
166640,5.456072014215595,4.416654024537451,3.085099900208157
167036,5.604710281468735,4.147313433518115,2.6401862369757914
167238,5.424240276434955,4.287714787043081,2.6999320137370564
167440,5.585921376403815,4.3731824083913615,2.766016051704678
167743,5.59632689084357,4.21670000039448,2.2402225536455345
168139,5.52377798378562,4.241448091804927,3.007743373182626
168240,5.46834944587824,4.108307085607424,2.6953914662385685
168341,5.473299170539415,4.267652657723641,3.2149550718170916
168745,5.581728579505374,4.211343325268433,2.9157991455772883
168947,5.565634944834259,4.267986827810733,2.5170771337110898
169040,5.543494392916924,4.295825051528133,3.336021650554991
169141,5.5913281159252435,4.42779441473483,3.494895069368317
169343,5.468574526157989,3.6842405641300857,2.3186872302301205
169444,5.542051882670253,4.415658087607603,2.8195390113700305
169545,5.418334063704479,4.331228224495983,3.1502130934253336
169747,5.454132357243135,4.223391782664119,2.5131274255236042
169949,5.5427980430525405,4.426973187146797,2.6697697624218795
170631,5.436219307222847,4.272368489659263,2.7039603623811903
170934,5.551201792919627,4.106903157217024,2.620052304852544
171128,5.457367215896068,3.694844408099059,2.6116890344121053
171330,5.449574976566683,3.947918561915794,2.5295958999652983
171431,5.5872321102411755,4.051164845924564,2.8973922075920577
171532,5.689320935650176,4.243406845276758,3.1445235722295686
171633,5.574093605579556,4.1675221715365875,2.973734729707409
171734,5.440893317178482,4.010610729085203,2.533040549636059
172029,5.567139891189237,4.135203505815499,3.3029599280103272
172130,5.374430930781608,4.1221642150698905,2.5815403576411944
172332,5.607721044836682,3.919696042655183,2.4622202828998168
172433,5.39044313293762,3.86182689505084,1.7175626612117536
172534,5.408669432931529,4.370581857813346,2.8851889337313352
172635,5.467145984514307,3.8900429290449416,1.4652600199783308
172938,5.531151926588212,3.697305047785432,2.274907712028881
173132,5.428217761766127,4.003462982789817,2.3717718837258284
173334,5.514268432055366,4.534748511429135,2.9208782213156517
173435,5.523670563483189,4.369429071288423,2.7220269982542753
173536,5.459693971897092,4.0540169361783045,2.2920387976182375
173637,5.375162566822876,4.307304196211589,2.3309773072072693
173738,5.36546743936154,3.9193428128937637,2.4873187376235304
173839,5.5024241348150165,4.412411150334489,2.772673257469685
173940,5.530310414534751,4.001762807955786,2.639884885020195
174437,5.553780984717478,4.269471350508015,2.2586811393393393
174841,5.472866204560236,3.577287073307463,2.1027051215117583
175035,5.5042177312697245,4.369740161085963,2.898601245945269
175136,5.552775668739556,4.2088154237069615,2.8247881432055966
175237,5.567548768320975,4.396486508367484,2.9269903462287115
175338,5.646372746693247,4.595492885450974,3.4393753536743716
175439,5.567987449827629,3.9110715345439884,2.2066975506816466
175540,5.430510591395763,4.284475372256351,3.059889714122052
175742,5.523150945584035,3.882602309985487,2.399377349728378
176037,5.634805073155918,4.114305958970328,2.5218096383963733
176239,5.416140280932094,4.293794591399392,3.086749775353692
176441,5.48960495596944,4.057659097812862,2.767641284558789
176542,5.454460426877637,4.281904908985627,2.8736494288164742
176744,5.508764831631626,4.166263813350573,2.5415941071825303
176845,5.448791514764491,4.0360494357213685,2.6438353455053933
177140,5.525728788752528,4.391797858509959,3.0447025829169334
177241,5.5302118318669296,4.3956348947704855,3.2843250571191462
177342,5.549018006822893,4.266703082191215,3.1058162854655302
177645,5.432650301749278,3.524008741830727,2.082384777236003
177746,5.51090102688475,4.195145122534657,3.213265744392409
178142,5.595698386154243,4.333781712772218,2.6474503398354416
178243,5.407330937984662,4.125657320704041,2.9973732963466526
178647,5.578885624286142,4.1336910151362884,2.5987770338238265
178748,5.450139509328054,4.0672945590484,2.4853931490692642
178849,5.545028814682295,4.153015494513887,2.377145810791484
178950,5.487094013978413,3.762306371493373,2.0815460176655733
179245,5.439835634846522,4.128054799962208,2.021802662837172
179346,5.50258955072062,4.07039992761824,2.274978890325052
179952,5.483028123868907,4.571646269477076,2.704552013918648
180129,5.57319955316468,4.200385476335437,2.5520292821290584
180230,5.5701112978467915,4.410262207156593,2.623742824546328
180432,5.603962898878416,4.180481733171761,3.1062723927980365
180533,5.375686482105289,3.9596540175203847,2.2575461485160546
180735,5.3945519092117795,3.962943776170416,2.4855024980670986
180836,5.523309863253204,4.473097088334899,3.0181816612242223
180937,5.537549946615689,4.393606721473194,3.138891837983804
181131,5.474156062185678,3.8921749508463,1.954453989490826
181232,5.531910340931655,4.280024032869254,2.680742153635626
181636,5.550432968399246,4.3381365395486355,2.672037390363086
182032,5.549581736905104,4.514009949978808,3.3479200677297443
182436,5.515135540065895,3.9214844339527954,2.2299232262249746
182739,5.514289539347286,4.33286359892538,2.7595152091987423
182840,5.655731134162645,4.328175633620143,3.030178025579573
183034,5.4023741486605275,3.7947158069851175,1.789786294878545
183337,5.559013405459768,4.255107819732659,2.634281070518049
183741,5.565277484225688,4.112276885932279,2.8957054774450937
185038,5.566294050319627,4.3569702954507115,3.0365555665637975
185139,5.588376017335311,4.185199112329962,2.4359349144883775
185341,5.52765875690128,4.354761928997712,3.359760184071754
185442,5.537466383748057,4.315899884750912,3.0626143390178817
185846,5.516626579692761,4.223394829657717,2.6183345058255885
185947,5.4490552134823105,4.180740601214002,2.6543424162528595
186040,5.630614048143721,4.399612622005915,2.846336995911855
186141,5.542742964206617,4.262951647569395,2.956181391445776
186444,5.484402323759087,4.407125209512708,2.6700933784384326
186545,5.524014996987457,4.366967258038622,3.0035037516699683
186848,5.544684666850096,4.1202586500598235,3.035850646619873
186949,5.587444338799792,4.262342639034504,2.919439856126456
187143,5.447790081361583,4.061528447802628,2.20086043922922
187345,5.295214461833346,4.058438233443683,2.0407476534100715
187547,5.488047492862715,4.2330468457190555,2.1077734140638476
187850,5.564428648911666,4.0859439622508384,2.7487541282806105
188145,5.499260598138227,3.5031796808521913,1.3919091279674507
188347,5.502665141502412,4.388251257475246,3.1399437453334054
188448,5.516321330272488,4.218701674895226,2.4270413484320086
188549,5.517089988875667,3.951504461868569,2.3210573219179778
188751,5.500468907500076,4.440300453409241,2.844123409290365
189349,5.527360862157802,4.294156405043102,2.6033821770393506
189450,5.4725115488083995,4.265062658839802,1.9923049603040222
189652,5.537450985788408,4.138208234115077,2.8730237967030092
190031,5.461131795116943,4.280279893239247,2.840300297664374
191033,5.450029582801965,4.080339497023803,2.7078425013891945
191235,5.44919744764711,4.373997561267683,2.934373764317317
191336,5.4661300038191865,4.286583451307244,2.684850278819044
191437,5.5662610571009346,4.250193522918582,2.8016856643134873
191841,5.547925927766662,4.250308248140046,2.625217640533557
191942,5.547297143370219,4.1095595032598915,2.797846395389842
192035,5.5495954166174934,3.3580134046466688,1.828554757308388
192136,5.5041378541937265,4.112265779342915,2.6967663325285915
192237,5.607823814688794,4.367267115036973,2.7243142686598287
192439,5.46420801256032,3.979666672275517,2.5030909023999572
192540,5.498998511090107,4.234626775363272,3.115620436938414
192641,5.552491480170621,4.028604234525239,2.5638390839469802
192843,5.6036698720207445,4.5980851782072305,3.6159844063737046
193239,5.44777699823343,4.007371910548144,2.9284331835715105
193441,5.501627454984593,4.163365187748899,2.9126476079298076
193845,5.361883211637542,3.912781326962239,2.2014224359513785
194140,5.565577870268298,4.205592759404266,2.2844160477766824
194443,5.59410976299017,4.32603631822855,3.2932796392958865
194645,5.4469698327490175,4.24924693378252,3.019931766917288
194746,5.53031716324468,4.278100713128275,2.6916748808054725
194847,5.562716646686131,4.235009635040061,2.9667142608330574
195041,5.6674486348949715,4.432456471846845,3.024790274762491
195445,5.4853554904487485,4.142970085901216,2.480647858637307
195647,5.56901655353231,3.8346400078381278,1.9747956130067899
195849,5.541030306299381,4.388730893979037,2.664993722308311
195950,5.5965972093802225,4.092303471142851,2.5100563126463897
196144,5.4943217187512285,3.952130928211159,1.9495061205455297
196346,5.362613048257253,4.105326273211573,2.6990345278102015
196750,5.486687704652362,3.997231155798388,1.9934082925180268
196851,5.397692535941533,4.06068116357088,2.427811353604691
196952,5.521259423987039,3.8461988746750677,2.5173819745834662
197348,5.647470132024812,4.091156165584402,2.946124665414604
197550,5.524828235063362,4.015424477134288,2.109159255117759
197651,5.497010330830267,4.078769403498351,1.929369997108043
198047,5.530658855844293,4.369694962550521,2.888978494108456
198249,5.486891170157243,4.1010150356088575,2.7455887723432895
198350,5.474455632790007,4.598750061613306,2.8106285243815385
198451,5.63822657259556,4.479908609565938,3.2192483064215907
198653,5.522355275047307,4.35671246224088,2.819990996379028
198855,5.559976606571729,4.187476751936725,2.850020566325051
199150,5.487336028426563,4.2643840949817085,2.7204940745687645
199251,5.600759325899583,4.254927700730336,3.239127952908434
199352,5.511226565755181,4.349850788070127,3.0182566711514496
199453,5.497725017284336,4.458788938507528,3.3286253432998465
199655,5.540408342986119,4.246166309328155,2.586928791060482
199958,5.499888990458248,4.204502852471503,2.9927424589942766
200008,5.570069528116912,4.158136191629262,2.9200377922913137
200109,5.488645845988019,4.3001309036105075,2.883623990995438
200210,5.491532222329692,3.9208338946517003,2.8914081920834107
200311,5.472814079412736,4.015701138024704,2.977266362382463
200513,5.422766531721501,4.037545199473948,2.5276531015765307
200614,5.579541604570983,4.190907468145333,2.527943617191233
200917,5.5615655991751005,4.623754948839652,3.4559237812222623
201111,5.485207359119112,4.399935173817718,2.8257898624409887
201414,5.414109479161818,4.1869266849429785,2.690236467993757
201515,5.583306656561012,4.484346701751451,2.984635777053972
201717,5.492772984447084,4.205441995146021,2.5354139206885864
201818,5.548699688551541,3.937919273779373,2.9577064996087703
202113,5.485993976322706,4.432207817353868,2.7035800648783415
202719,5.383730215054246,3.453796194771657,2.0396379548928056
202820,5.64797890765177,4.5305695318198635,3.360306979593028
203418,5.6351796119945305,4.407569223833797,2.9057967994727436
203923,5.501439889429579,4.385543651389468,3.172645607989562
204016,5.489073817490965,3.951970751457099,2.3611966866893606
204218,5.576523717439153,4.177181835759699,2.6735189100252725
204319,5.524909752976242,4.326222307526117,3.107293900036561
204420,5.561626129097743,4.394356991524472,2.972462686850942
204521,5.6247053437787145,3.974444026636878,3.014361677984214
204622,5.504492942193471,3.6387474682017764,2.6021985774696343
205119,5.649067964092657,4.496217952531232,3.254168140155601
205220,5.449604983657383,4.433261524988661,3.1853794063376766
205725,5.606894282301667,4.102870171214547,2.321056698491256
205826,5.622903196558227,4.217725112304281,2.569045243804607
206222,5.432478310451918,4.083120616571105,2.7264128733258555
206323,5.636925640142777,3.8197455414903185,2.482440145617129
206525,5.44549141041402,4.600442179262115,3.4864341487426302
206727,5.552875269293096,4.214125330536984,3.1159461830871913
206828,5.265798655976779,3.680975989849648,1.83045821895918
206929,5.492688689212389,4.178769872203792,2.497951994891406
207123,5.44630345200028,4.141379077924538,2.909499535180842
207426,5.473003608759245,3.899516372810824,2.498284975339487
208024,5.586858998919103,4.248588058773417,2.7884379965786126
208125,5.513185633367813,3.734740084050426,2.288053262143853
208226,5.471855591734946,3.8698570525651217,2.3554959620239275
208327,5.558457982760139,4.415168975931854,3.029538116347272
208428,5.689577629540045,4.112011497187138,3.1183427252653737
208630,5.364068618163721,3.8076695108433647,2.405636063136928
209127,5.651871070683425,4.519763222083956,3.525556304385556
209228,5.559341427750767,4.495471243095097,2.8372945666652876
209329,5.506831269167054,3.9528360692334594,2.410957964041381
209531,5.560342561604805,4.166058930651392,2.727658105038524
209834,5.618702789144217,4.1635778626525255,2.822037881833797
209935,5.480535544810127,4.17059806784,2.864254869572148
210011,5.5163646985675845,4.2613713734867344,2.414257930801445
210112,5.384359948786215,3.94652251046722,2.6083929644028294
210415,5.492774176750209,4.181810510214671,2.8681351515413978
210617,5.466531643298953,3.7290262595982977,2.3892966354861565
211114,5.5301202377662335,4.056462802468313,2.790809297814
211215,5.5038428933451975,4.399582338919287,2.7487580512371763
211316,5.629539912175109,4.1142328139686875,2.639340031527656
211417,5.564869515144214,4.1226540254618,2.710775034056883
211619,5.484832767881687,4.317653320970319,3.121409517139295
211720,5.5601527622293245,4.148105335637344,2.950556004591263
211821,5.3868933859562285,3.5819518319483308,2.3680590074629175
211922,5.59391187302292,4.315600569044606,3.2214771647648925
212015,5.447356562027106,4.095674762853868,2.7958697811332125
212116,5.571365857065641,3.980394922662671,2.7976112305630108
212217,5.664956970533058,4.496197121996968,3.3350903508663015
212318,5.606306788898024,3.9307877671187392,2.592412878985493
212419,5.541612721831655,4.1613731456314715,2.7433541001988404
212823,5.546670568132888,4.077277346983734,2.229217804175628
213017,5.465017738660787,4.237213963266389,2.5013294158767536
213421,5.508189146477154,4.191861408169557,2.9116718254651035
213522,5.44874876875991,4.205655528864353,2.753363574971376
214019,5.589405233454038,4.141680534849482,2.842992136226517
214221,5.367897760935045,4.451714947044099,2.578025303625673
214423,5.274687875379192,3.8601770715161976,1.8656921858209456
214524,5.480821267206077,4.089303292953646,2.9062464026469894
214625,5.571313180929809,4.36942716901661,2.497017651435058
214726,5.553916765857506,4.204040271188476,3.431755820416351
217126,5.483802590092509,4.426467541907644,2.946545081238457
217429,5.553672240924421,4.076757875796799,2.58052093573979
219231,5.526675913944664,4.162823703133834,2.702912742465665
220721,5.621750539265388,4.2569122939629995,2.7941000344169566
221218,5.432244466698754,3.738484317717585,1.1915929758446078
221319,5.479740429846521,4.153749938016912,2.9546882280417326
223929,5.472839923563291,4.287495456672347,3.178776795941896
224022,5.4792244886337595,4.353951253298798,2.7904249454304835
227432,5.625488221502474,4.491557965908053,3.344458652452116
227533,5.572428794937989,4.085921382836084,2.9264854592166083
228434,5.359563790377626,4.058423487740105,1.8936765126565032
231928,5.447247998625447,3.9762603517932305,2.3712328391163235
233326,5.496316135047136,4.231625591825071,2.3326277831512656
236130,5.541605334232417,4.296695583768984,3.1017272786228776
237334,5.548876196198054,4.351541551250801,3.110646335389797
238033,5.352919268114925,3.4540077130633033,2.1344581280996815
239136,5.592007275115386,4.340861098638909,3.3515491913932554
239944,5.652597463099348,4.473597449947436,3.2879053413964616
245333,5.474065197900245,3.9265236082797803,2.292718199464586
246133,5.530994295668363,4.396751439111406,3.2162147071339477
248339,5.533151365126597,4.199666468289756,2.676419955180251
249947,5.542006748695315,4.130244811644111,2.8589372722601714
250427,5.561144908690457,3.9251270446065787,2.820210748939832
250932,5.537498708534752,4.289969767928832,2.9778800308863147
251833,5.611955762553197,4.037278981781104,2.8288990033672214
255639,5.565680606230562,4.158702133833897,2.644539128562939
255740,5.44883367936829,4.068565206176019,2.3750218472982905
256540,5.47277816411746,4.016474327952361,2.2964466841722886
257542,5.458048627829262,3.7112130810205533,1.8538589777786199
257845,5.546248892819023,3.947739011229322,2.0940377537786343
257946,5.521543886154749,4.1794062772453895,2.4052232189912175
263436,5.461808460777487,4.202314359931912,2.509064534648314
268749,5.438573318061674,4.404025465627326,3.2693896603888923
268850,5.479792521884972,4.1698109907808565,3.212526988998289
270332,5.501155768170414,4.241251588644108,2.5038821034906666
274542,5.3912333748891434,3.7715210983635465,2.045463265843662
275645,5.414742952717917,4.37282826261857,3.0624530031421475
280739,5.520541400104029,3.891313232922166,2.527642422605709
280941,5.498623395250511,3.888290222852837,2.570648982631412
281135,5.430265635015881,4.1203053825540525,2.901946648386799
283543,5.511711115984326,4.075801972012945,2.329222104684974
284646,5.586825411481271,4.130203679883556,2.3028263363221333
285345,5.506144473796769,3.8936883559369524,2.14956434975275
285446,5.565617720525438,3.933478892538657,2.5023207367993368
286347,5.44090847736129,4.318658631000218,2.641512333018347
286650,5.552031550418185,4.223256052316498,2.7892529072950194
287248,5.517322608809825,4.499312977139194,3.12613845646258
289555,5.517670844758985,3.794608519383948,2.05607514644916
290136,5.565284574148158,4.404954558606745,2.7000541050238556
293748,5.537607688640581,3.640713878192005,2.4668674645128905
295146,5.661160356213076,4.572872717156213,3.704632772950734
297655,5.513465104093496,3.8974162906707193,2.631513473096496
298051,5.543550529181394,4.344951249406342,3.011111230813383
298455,5.437646820928863,4.171032227869649,1.9720354181184188
299154,5.443904972229073,4.147674541555506,2.625046469761
299760,5.488751867066473,4.248624903827538,2.607447313952728
300618,5.383673974142603,4.168114736519908,3.0689901308833174
300719,5.575817966248407,3.984384269545271,2.2336860826713543
303119,5.57758061373476,4.1756607606598335,2.5974455219666153
303624,5.423001535595659,3.920314158938183,2.355257455614431
304020,5.399678955699564,4.3990645043043575,2.392506915671873
304727,5.4743881358065,4.043797106492514,2.6830807885973167
305830,5.349432942716056,3.7864876627551167,2.661152999112935
307127,5.5643414170553385,3.772679215631223,2.3838626760852883
308129,5.508494200234832,4.402595799773854,2.6055497297479975
308331,5.379602103195453,4.209117037010484,2.9337082063369344
309636,5.484925121319063,4.056500403319217,2.4396735377148144
310621,5.518649083960466,4.130154191559131,2.4903159143611666
311320,5.441151955729642,3.373879384689257,1.3271933777045026
314225,5.535611025041947,4.339488547854692,3.179123312171184
316633,5.377548770357368,3.8435017672113223,1.6891672716205817
316835,5.548831505069063,4.163147423551402,2.6037650894059596
317332,5.4672935808616705,4.330162073110785,2.621765084983436
318637,5.441058334022592,4.236790990970078,3.2011764469651247
320826,5.47338819482015,4.112716763072801,2.693670496157414
321323,5.46187448937326,4.122015175311343,2.3719826212114694
322224,5.562187682661934,3.8946154388023575,2.594853143302057
325129,5.544801457845985,4.268827390469155,3.3607346878232316
329440,5.529912143077381,4.220494741038794,2.796185215745639
329844,5.521665798598988,3.960810159401071,2.566969729562124
330324,5.553875114485689,4.28000848170197,2.908663211547532
333330,5.5969612186052355,4.310170521372862,3.1120568032565648
334635,5.407716289490681,4.173602158155268,2.560911600845087
336841,5.423504446895246,4.205498251434215,2.9859034646936773
339847,5.548183770871377,4.272416414164363,2.6692040709481764
341834,5.549732112564464,4.185981602420375,2.069301384723889
342129,5.4009671665397185,4.3047610093891135,2.833801214222964
346137,5.560751325220245,4.0817136808942065,2.6647063062752547
346945,5.568203668824489,4.396773606971131,3.384045820944489
348545,5.530969893448456,4.360023063678144,2.9492916381326775
349244,5.479211503422333,4.309259156860142,2.8938318006351995
350330,5.507796063507394,4.156109641515426,2.729935457318036
352132,5.538825188345238,4.361675405320862,2.5658262999269916
352738,5.47790136205839,3.598325696608284,1.7573691484788871
353740,5.495066022059211,4.461535533590287,3.1527352270559375
355239,5.586322618665496,4.157289780320383,2.004999032463855
356948,5.43109378887974,3.7222217580044163,1.953283357342041
358144,5.546705990000875,4.50232285603249,2.894207301149236
360030,5.5216538009093705,3.9651451500517276,2.8475375977276576
361234,5.464274273565337,4.130546890854832,2.996155660045077
361941,5.5933836694281345,4.415733505850111,2.799945839226365
362034,5.569804597614055,4.306841261788371,3.028674387102843
365343,5.589335154259441,4.362876992471151,3.1588592259665447
366042,5.588999160079566,4.413728086470623,2.701663197579496
366446,5.533409262721515,4.598155646766827,3.446363180354382
368551,5.54712762251588,4.196463078874279,2.7503111614957363
368753,5.62699966774821,3.7683756408078324,2.718627554480839
371843,5.559287661653138,4.414605260751181,3.106860187939885
376247,5.387263385237058,4.359295856078698,2.6681923581310345
377451,5.396981208841282,4.377459176349308,2.6332708683711252
378756,5.457105282134444,3.7212695892783754,1.4705163856320789
378857,5.5074488623741145,4.055928160605133,1.7994249981160872
379657,5.500154848433908,4.356266135879558,3.197130817289992
380036,5.5884293629981245,4.390495285429578,3.150423214805966
381038,5.574109287840138,4.360365369114744,2.8815149572424117
381543,5.488889887278772,4.266813484709461,2.878025915327841
382242,5.545539718608802,3.9442450564391476,2.7989184922494212
385046,5.45688428194659,3.94375702044897,2.490064691792177
385450,5.528864362423493,4.280324524110369,2.35787841478477
386250,5.519764835628494,4.368153492067543,3.0030118445946976
387959,5.464464611272017,4.159832554950296,2.5867493221710185
389357,5.45610598102741,3.5579835169960816,1.9898154574981874
390645,5.506245276613059,4.34200442121088,2.8053979477612216
391748,5.529288121421096,4.18122000725114,2.7382443058484216
392447,5.507206461840042,4.223146238140548,2.5360968430472233
392750,5.481372491944171,3.9248217818004476,2.9502181717614677
393247,5.617127673670812,4.5645378357932564,3.4322747070573807
393550,5.497219971823092,3.922470809557137,2.7167118363594964
394956,5.527605183559335,4.276534619976579,2.761705899444877
395251,5.622116434002275,4.576126655394765,3.3846333397944752
395756,5.476600246667769,3.507523966260561,1.8099288614634186
395958,5.432466345315633,4.222221181006914,2.955147412097859
397154,5.511171999457052,4.139488637927207,3.054811722057867
397760,5.571629339466461,4.2823640807464125,2.9775899790606912
397861,5.520810193717976,4.123525878985693,2.285935726301762
401422,5.607595404741022,4.383255564775583,2.675660303029368
406432,5.476676043320497,4.306196686606295,2.7684008336458628
406836,5.404341453281097,3.9117831852920126,1.7671101546799692
412528,5.47028648167418,4.064131611762204,2.5470157861758396
413934,5.466381606127953,4.378925586863867,3.0080228867552345
414229,5.507716096187935,4.378320174230724,3.0895621836406524
415837,5.573283793399163,4.447235961442416,2.913227866734895
419239,5.479392598456747,4.057816341973755,1.9404223680039936
421226,5.455770343914235,4.196557688311225,2.6197117485616217
422632,5.5935299768566615,4.210263840817572,2.640060018707435
424939,5.415674818306582,4.098256964027539,2.4953517369906297
429040,5.4727875765047,4.238464071207078,2.71512280633435
432332,5.516049922520836,4.246582142394763,2.7481227820538003
433839,5.557417147798349,4.0563159766109615,2.260538537757638
436239,5.4636851977352885,3.8306015604500603,2.4567424153533426
436845,5.561978923635677,4.320747773747724,2.7181407697582625
441939,5.5832123050931335,4.295760178925511,3.1678607551713
445543,5.588696432597281,4.050202600543525,2.735146749532973
448347,5.585610839968372,4.359962015688516,2.8430875414289476
449753,5.53252462654696,4.172661385251168,3.1760600759471442
453441,5.487771005399245,4.143212402853396,2.8759829353898803
453542,5.598322181314276,4.244053357748074,2.5023205443055527
454140,5.4390478537397176,4.103571750462983,1.9732925870405897
456346,5.556921761500161,4.220140113027176,2.9169714955326445
459453,5.387681109637203,3.9485142092074406,1.460223840611885
461743,5.550016867000866,3.9555045723177074,2.779690988165355
463040,5.390936098415521,3.437823218081251,1.8171284361128714
465852,5.497269423987575,4.28982550368072,2.046864237143532
467351,5.599489266222437,4.13100626118943,2.423377994743157
468050,5.594071199161303,4.2034364780832005,2.7623995558238144
469961,5.5160044208023935,3.953467692030709,3.1092546218986103
473952,5.6010482325276785,3.9445592292675387,1.9335251232190886
475855,5.589811576164176,4.490871016945433,3.162290406772619
479762,5.490733825890353,4.3753782115822135,2.8025509656745107
480141,5.363249463276018,4.21218131694734,2.5457070066185405
481042,5.4978536289869915,4.2213640251105105,3.1972857384130475
481951,5.479871981308523,4.170940827639396,2.556938532575618
485757,5.471286901867759,3.698411963528593,2.0556397796841672
486759,5.411352313799522,4.458287013576655,2.947490474404214
492754,5.481636326900765,4.007735702139987,2.3453855140142297
495255,5.45682055349945,4.502782639614892,3.1846381049500483
497865,5.468785354557583,4.367464875459474,2.7110966367568055
499566,5.489422635801584,4.494712892282006,3.3643965997791776
500222,5.444408332518125,4.334062221483273,2.6410689234250806
506234,5.416650434188013,3.7875004115455524,1.8100119110376458
510225,5.368703492304826,3.9723472918433904,2.175747553569868
510326,5.47529252402194,4.229342669357088,2.6557590347344298
512835,5.566074907493516,4.277369563051991,2.812892615883506
513130,5.492827291198252,3.8804850604143937,2.9249305357632776
513736,5.568091678818682,4.33745644474015,2.9950014728563032
516742,5.508635464550818,4.242300037135957,2.762748708852689
517239,5.515589679799052,4.658393389611743,3.1951013418040506
518746,5.556296079363308,4.195901818195684,2.751019385418803
519647,5.551780071556772,4.215137959532039,2.7485015936743142
519950,5.424151054677042,4.2389728242926275,2.245603620318687
520228,5.474473809605786,3.739093871276169,2.667922035032134
521331,5.440697921647198,4.255670767666258,3.0665740689066454
522434,5.549412035985095,4.17344060745157,2.396432716980023
523032,5.514558509353565,4.19983736370009,2.84802009933109
524135,5.426469670975073,3.9853673958617013,2.5604066377197983
525541,5.565935279596168,4.191175841425853,2.566218340835411
529549,5.334921057795356,4.09522778700403,1.8613313699287704
529953,5.357589125459731,4.375485434013915,3.217159861041624
530635,5.6113290185242715,4.146843178103008,3.0617410964443312
531536,5.489303419149289,3.8278817423292115,2.487708276923994
531940,5.5291294015797074,4.434401738293619,2.9489191930475043
536647,5.438821726531024,3.9066531264705873,2.3025179586843083
540436,5.361515481563965,4.1087103747552405,2.9202970256404113
541640,5.557597646541508,4.351736717089039,2.8674441532740493
541943,5.475788095505901,4.295342297248939,2.9139575346309394
545345,5.410947228317069,4.3057125434331756,3.054565439617162
547046,5.610500231848362,4.587111229769766,3.4301087529731835
548250,5.562102243356719,4.325432909684202,2.485750863557515
549757,5.523039969099903,4.182796193586141,2.723806513648784
550439,5.51908000573864,4.427388727726071,2.6777895082605876
552241,5.465375919369326,4.537512983064807,3.0434472158665407
552544,5.494382201573199,3.9420570843478657,3.0180015480612092
553344,5.516859842878892,4.286752393940427,2.6345734210806526
555348,5.558594222963891,4.435136156935376,3.2212577440219805
555651,5.493478686043245,3.933396401155903,1.9414262919814769
555954,5.628080596178535,4.29443768583308,3.408813820701296
557857,5.495084811133459,4.090051128643192,2.5057828409140903
558657,5.509833499096131,4.239393073435214,2.0713969275412465
558960,5.627734465248655,4.500570615053053,2.8723975919331366
559053,5.601048156131364,4.257540098539285,2.5261432919169677
559457,5.486389308491681,4.415338762231898,3.3103692236304276
561242,5.5424312888085785,4.213527970039874,2.9550274535230456
561444,5.496095367081423,4.353321814869919,2.958037794373551
561949,5.4913203088167775,4.114501590254727,2.8776406921073714
562345,5.4667880535497275,4.340534283159893,3.2707486027298573
562446,5.454995640275443,4.1774395236733035,2.738027888705349
565452,5.631853669536915,3.919296825995182,2.750021265254935
566454,5.679115966598486,4.339162942009002,2.9312613141585695
567052,5.5591139840232895,3.917326362563066,2.739509085976093
567759,5.46464206181666,3.708986034971472,2.392334570756953
567961,5.497720519793561,3.902299777159989,2.303115253684858
568963,5.55002378196558,4.076026801863685,2.495645261432825
570243,5.491905694213442,4.097197488002992,2.6101559643419048
571144,5.600248244808596,4.340029432760642,3.4321369590159447
571548,5.625660654625658,4.029375327988024,3.0885048949833775
572045,5.44364866521696,4.194370538125961,2.8050918480964038
573249,5.519401998588182,3.7247105620143697,2.2098352124690495
573451,5.490961642931893,4.439594420238894,3.1097579530789297
576255,5.599289651824555,3.6634266696304736,1.9875444644077571
578057,5.478381549786786,4.041871956013647,2.617019228212704
578158,5.405824717957684,4.09456258838253,2.281898585586273
579665,5.56098507406485,4.141310788622959,3.064810317452586
579867,5.505279652702534,3.737167124957449,2.641896453681843
580044,5.552228719563644,4.623100459111057,3.4598851571528444
580347,5.578372703676202,4.092506166519428,2.8970988444500696
580650,5.6018825309873055,4.144670795589265,2.80062969430967
580751,5.4661396403534415,4.251700267346663,2.8535346320825066
581349,5.302730347294883,4.097085732895698,2.021056520382885
581450,5.556615113031025,4.5943053414412915,3.3662948531665826
583858,5.51004515933016,4.026957337879145,2.42618954948429
585256,5.496296671681422,4.180655261545985,2.3806470055420115
585862,5.591368700158951,4.114407011485902,3.0321853935820418
586460,5.513703280731771,3.905257369665679,2.1692655227861484
587664,5.45801646267337,4.314288420140547,3.3575318014955626
588565,5.591914980712783,4.408392017669763,3.08681427448472
589567,5.515003868554358,4.448867094849315,2.9455134884705196
590047,5.601498971404522,4.646309732578509,3.4648349810896226
592455,5.580743675553506,3.850550466340973,1.998336541075277
594156,5.462241918359421,4.0074618820822625,2.4691317648174076
597869,5.4132759969040904,4.137329882412904,3.0977717956850106
598568,5.348215819615503,4.281305993754696,1.8821712220087299
599065,5.536083843713245,4.318507780514868,3.284385909189486
599469,5.662303473774174,4.457671685203327,3.140459928203503
599671,5.491248583295392,4.295144786320437,2.7574581817750503
601127,5.50664592630325,4.1913472857582335,2.7190764431821375
604537,5.631238972152734,4.492228716315308,3.4747108242031084
609143,5.557547492707853,4.2089264646619,2.816056904988798
611938,5.582495510891731,4.539761686066534,3.3041630446436328
613235,5.511421289634931,4.095231777097563,2.7646214994851728
613538,5.419668674880773,4.449720162579149,2.907482901605779
614439,5.515146407345224,4.373994094561908,2.960819942104957
615441,5.560341143798096,4.286750265134302,3.0271004820823593
615744,5.449756593768248,3.838190612083276,2.6318796765930745
616645,5.402062267365076,3.8211651750939613,1.7317905420499862
617748,5.492422813129141,3.922176383661108,2.4877740332915814
618952,5.464876571944438,4.441015238017618,3.016752075197584
620434,5.518173823846305,4.322312327037723,2.65269148846758
622236,5.526590340387994,4.359448004077266,3.015220438010546
623137,5.409804502518902,3.627756287690818,2.270003823789817
623844,5.39873470681353,4.1249651491558925,2.641975971380503
626648,5.47757522492914,4.20932843353458,2.6779320839713905
627549,5.5185747680398896,3.8805378576325644,1.9692032298932156
627852,5.5207673632927,4.281848132784921,2.6764282538044943
628248,5.506357609712692,4.309352595547419,2.7563181285460328
633847,5.425503463970457,3.9946216360034263,2.550863188460232
634748,5.524801451687071,4.524326657886605,2.878294906080973
635245,5.486047241575416,4.078854151433974,2.5574178760893314
638049,5.516133393512995,3.8370785124024875,1.8229238680310493
644044,5.600953356824733,4.272608735326311,3.0953997518122844
644246,5.61192954152734,3.9880354607795896,2.7634637310094794
645450,5.458341889868942,4.387652049658439,2.929181711863783
645551,5.446388462483013,4.082731241923596,1.939619648220104
647858,5.502063318917857,4.287630292927247,2.7394697907478402
654350,5.543612868492108,4.196045858358622,2.954139833401244
654552,5.378633162236857,4.058666261507314,2.5914773335092334
654754,5.557511893297245,4.3384942157192405,2.612624892463508
656253,5.512563986700176,4.094752410646657,3.185785354846286
656657,5.544403391046128,4.451789425942618,3.0781841760098465
657659,5.4579003896442755,4.045988639485786,2.555576919522707
660951,5.603227227058165,4.1812966857821765,3.0454368750659344
662551,5.511022098943788,4.55125514305881,3.311847029258506
663755,5.492491316106126,4.244119640236374,2.414762056115565
664757,5.595934794653425,4.743710219799015,3.7379537124270374
665254,5.403123088268851,3.879570812861599,2.6580527635395628
667056,5.527383295205007,4.139997379221618,2.248762925504111
668361,5.403072248055145,3.8026925498613644,1.89895455031805
671855,5.482250276835029,3.989483105076598,2.51001225136244
672756,5.509967607677903,4.290061922532111,2.8622237373336357
673455,5.5056109448059,4.208706989899248,2.6416243890614246
675661,5.5720909191177554,4.29379610873126,2.9232584232439884
677766,5.589224061173731,4.339232406905047,3.1512235375569313
677968,5.580283547570471,4.5473625536650095,2.807841583257087
679568,5.543872204429309,3.73702506854327,2.474802400069325
679770,5.5067211074010345,3.9891908223785473,2.587168648721421
680250,5.485650588895736,4.074022667103524,1.8752347524390076
680452,5.561559345966444,3.98245358510235,2.5056298767175957
680957,5.579090507576892,4.187226393917584,2.4049844485110503
683256,5.502092967003228,3.4367677323168415,2.292432684047958
685058,5.558912739167778,4.191361367656002,2.8967871704483312
686969,5.37218543136913,4.083192987205581,2.821601513806433
687163,5.554833857506173,4.287924810249614,2.2941400700237646
688569,5.568504426123089,4.110992450946288,2.8153368608518043
689470,5.616561851675867,4.311800576837976,2.519717908348504
690152,5.267993169487389,3.9186101174225496,2.5233801089432393
692964,5.570402717103138,4.385950105026869,3.3159697736996563
693764,5.48900539007993,4.535866124715108,2.77780107366479
694362,5.582575056297179,4.101211362998727,2.1476771852576393
695768,5.593304678488169,4.037391928903774,3.0984305260043836
698168,5.465749398647221,4.140467248738684,2.7006497723592635
700634,5.493107297639946,4.313673207707465,2.540729427059923
701535,5.477323509076867,3.859408136554005,2.603999727112464
702133,5.543573703599647,4.316486036715014,2.918386899868513
704238,5.485020909438284,3.95920401217868,2.16051803134985
705341,5.43912397101787,4.380251235663443,3.12088378329272
706040,5.553103533797901,4.173566619895297,2.5295054825742604
707749,5.4804792074436275,3.9300260840311507,2.8290516635072667
709551,5.565438508122596,4.098646059935227,3.0414132987146867
713239,5.477571961645947,4.2357306628053655,2.67810390773876
715041,5.483599657954303,3.9178218693614975,2.31289269745815
715647,5.4743871916084474,4.165750476263814,2.4172292116562866
715950,5.60962667895381,4.27137228740927,2.582500062350914
720337,5.473922675478907,4.1030564992051834,2.90725507393829
723141,5.5835087438881095,4.070716800548269,2.6793029128226276
724446,5.5822834732323585,4.352359370240106,2.4436829058837723
725751,5.4894482090290175,4.175033384892218,2.8746031545374993
727553,5.621205087340308,4.346585373994899,3.0602956903656557
727654,5.514476011952956,4.142275536770166,2.170910205157675
728454,5.603547397671005,4.421616533739769,3.201823458746696
729254,5.4500512734333535,4.167006879542085,2.8283564885640176
729557,5.439302327961066,3.576604599357248,2.2894300397425433
731140,5.498593620031965,4.14405689681313,2.4131114613833153
732243,5.490475097245812,4.359420016702934,2.8399153481699124
734045,5.611116947313122,4.405718365508703,2.678771658333698
734247,5.570083712261256,4.41754296150344,3.1793105917706947
735148,5.443200533618358,4.440216604498316,3.282290855742636
737960,5.448877921900287,4.253289018512842,2.3531318655036344
742549,5.513105587802124,4.462357458507427,3.2905894035665444
744553,5.436465882852067,4.154020403888053,2.944057518348393
748258,5.375532830384741,3.7364347980307047,2.407713715435607
748662,5.627676913126872,3.832717090422415,2.9924531157697953
749058,5.575318251275586,4.140965441450199,2.7490133067398412
749361,5.5673544110254936,4.440173365426812,3.3244127216658956
751348,5.4909687937938525,4.240482090929773,2.135640688527844
751550,5.475247668047135,4.070225633913683,2.421851833222775
753150,5.55346659011381,4.186684165092014,2.585243211933069
753251,5.4691215932356485,4.363780661438941,3.094233265639815
756055,5.451321077140845,3.832018190827365,2.2769945895635137
757764,5.476613409289867,4.170462720122597,2.636351080051456
759869,5.517977800621301,4.462919405144523,3.2102253098623277
760551,5.424348774045994,4.116003654019258,2.199284419155638
761957,5.540207246157969,4.028163479888407,2.464359570472715
763557,5.596032445062638,4.369911855575832,3.0553981504732897
765056,5.595648763194033,4.680325566293332,2.8854701312273194
765864,5.54927156826662,4.489765897574688,3.2652918105499666
766563,5.466610552005894,4.336062786175735,2.697222719857791
767464,5.560499413211704,4.1786517726643115,2.8215261932065347
769064,5.351826672363933,4.1149567831081955,2.6759960395874063
770352,5.50823470092037,4.027568705115809,2.182587476643671
771354,5.438301963961107,4.047605953984022,2.7085645990208507
773257,5.576207818884345,4.554584931122609,2.9765489095392303
774663,5.443329966782263,4.247446702443695,2.5450805753437216
779370,5.523375624907537,4.094891278821426,2.5220006722056483
782561,5.4672942790985655,4.0461436176873535,2.0528946854382886
783462,5.469299809772175,4.162272667042804,2.483958170934542
784565,5.500812886039872,4.551944760885784,2.840928315866863
786569,5.6239991937087535,4.494940715645812,3.7578924794933743
788674,5.598955780097441,4.090812371491596,2.3644100081742283
788876,5.618007259760074,3.905792217385972,2.3228750757025547
789373,5.4343011506841306,4.241772801850782,2.569198807506945
792564,5.505290799015107,3.6353144150502743,2.1171951175952874
792766,5.479777886542719,4.20100567973913,2.2652830364480323
792867,5.374546403288808,4.193855674325573,2.494437748275101
793465,5.534510889383894,4.111329205720492,2.3789502953378756
800941,5.465215512993818,4.292903034565956,3.053412730849075
802844,5.5913739323505895,4.555497013625509,3.377456427772735
803240,5.418792841872505,4.283226238480492,2.6755096760653623
804646,5.537240025720084,4.590297455360961,3.3447204662433525
809252,5.471427132060854,3.88915295261053,2.4784503666717224
810439,5.539151534442282,4.471169864678066,3.1450265887866493
810843,5.442393575055757,3.8538224539198787,2.4262832183967
812746,5.40409972165026,4.4191150532856325,3.052841670201405
814548,5.548406102784698,4.132055456696144,2.0781611245711216
814649,5.559872387578566,4.092065401545756,2.228521267912893
815247,5.340298424109558,4.176300705014015,2.455935474955546
816653,5.586235328201973,4.509238177710848,3.186369299234494
818455,5.59981983471354,4.2014803816690405,2.900388334798786
818859,5.52800542247416,4.132679965620113,2.5679859864841523
820745,5.556884499434423,4.317826611551345,2.767031049430579
822244,5.639168546239975,3.968726796019016,2.497014540833573
825048,5.460049043305607,3.8706239732189296,2.6341803238066506
825553,5.348430147583198,3.987555910088531,2.644326513235739
825654,5.477925412716745,3.7277949985207184,1.7222034210191832
826353,5.483782888444328,3.8342037236932685,2.130871245795966
826454,5.505287977348369,4.232301116391519,2.5396951321290144
827052,5.557616821534523,4.186748065808848,2.689652682622521
828862,5.39909046238073,3.9320520606280973,1.9570708330717228
832651,5.467456004745535,4.5069852114346265,3.449290418952366
833148,5.402039803727727,3.9324491947849647,2.9586325677145147
833249,5.528910039946603,4.2386864671838484,2.995570260723596
835657,5.5238685133316485,4.299859684586863,2.9446405098241866
837560,5.498980707250564,4.511346105064757,3.284826425984823
837964,5.474715603214485,3.58380538574116,2.402013698743898
841349,5.596697518977015,4.567307070981142,3.1334850227958992
843151,5.421428797940839,4.324387371054536,2.6140385818181877
844961,5.584597703920787,4.171505991977645,2.994630635842912
845458,5.584744394042145,4.422899309941983,2.225121016269671
849264,5.46209997239608,4.382009748219672,2.9446304275012967
849971,5.621472469375801,4.241216483810877,3.0857799234227974
852455,5.503537662446131,3.8679093375780855,1.609111560504354
856463,5.508810551678668,4.19583434658883,2.671999163998806
856766,5.521972978849457,3.930622821131966,2.7455220617483507
856968,5.489369850748156,4.175005481992277,2.856959859472397
857263,5.465497071480235,3.9800146736198676,2.2980667785822644
859671,5.6071219255438605,4.382827190674971,3.2877679549330403
861456,5.47650923371296,4.10204464449856,2.310294029664329
865363,5.444171107389438,4.29780347303534,2.492252460652572
867468,5.549979786768399,4.077632215604812,2.189448880022403
869472,5.499082373090485,4.339384483170758,2.842845125956569
870861,5.510094141695415,4.318435362477867,2.4252849038739455
871762,5.430601966100546,3.8106052002236277,2.0922112311416527
871964,5.539194530776087,4.289739593707711,2.9395809055461437
872158,5.620885143158054,4.151101281319881,2.7980266456622687
872562,5.480862655233881,3.8580924150017215,1.8831508839112638
872764,5.551251719571109,4.213392630043492,3.049711958431077
873968,5.535169628877028,4.403103873283622,3.0651921190606406
877168,5.52620214899131,4.136960610120322,2.9733895271733872
877269,5.432806640466259,3.67732488276604,2.2295981733767203
878776,5.219054406862273,3.845703038377486,1.8806890521169761
878877,5.388183094027451,3.6626376909937006,2.3901589546242237
880157,5.5488680690411805,4.199349810125425,3.183777193915711
882161,5.594508159202372,4.527617928107022,3.535263548611208
884064,5.558890487026355,4.179652951734413,2.451914972154626
885975,5.555847939180235,4.448057740222895,3.081521891242777
886674,5.526978325051914,4.2608907478692,3.085702854917797
887373,5.463702561248598,4.083743270154129,3.018235904055194
888678,5.3791004101611675,3.9653215432439226,2.1912039069846263
889579,5.546929228296767,4.332230105599499,2.656031172965783
891667,5.60886059569659,4.157831444354725,2.1805627382713357
894067,5.476745414595472,3.8094050254462766,2.1483329072448174
894673,5.455714343621183,4.040484528779898,2.402839198897934
894774,5.5578897458839185,4.005483874742231,2.4622322931596603
896778,5.584885275752944,4.1579680517177735,2.8642381794798433
896879,5.570597157086012,4.170393671979243,3.0196889989988955
898176,5.392315103062927,4.08716740972314,2.5467887101827165
899885,5.57074436574766,4.526095002819072,3.1833807247010384
901038,5.558790510399979,4.2989266960020105,2.744285968170416
901139,5.408597098209233,4.316875220836877,3.035409908775673
901442,5.595243320459939,4.310171498045594,3.1925834264153203
902242,5.58756835347506,4.1889459553713815,3.1004177518670577
904044,5.425357812778755,3.8958534262535736,2.018611830950205
905147,5.594124094328338,4.246774177808417,2.890908523204308
907656,5.333128132387657,3.697525636514007,2.6328797967059034
908860,5.519946125145654,4.118551803789485,2.332952590372454
910241,5.395658751861443,4.208791881515969,2.8021974701545656
910443,5.465226972314131,4.224316629450974,2.175769138401371
911849,5.444094761967531,4.358915882681954,2.5061327306850445
912447,5.566479093335514,3.9264824476053786,2.574885878311517
917255,5.555783065381643,4.119664134761662,2.6523688255679456
917558,5.629136133173519,4.095328570636948,2.412502932730424
919966,5.472374801354196,4.090311907397993,2.4877247858212344
922854,5.463526700716714,4.056168148430209,2.7428524417514306
923755,5.561350559488237,4.31519057576378,2.5264742285311574
926862,5.442150162954843,4.399102775541367,3.2236765506744
927359,5.466782130208387,3.99008284906771,2.1272459467503286
929464,5.511269101777462,4.443441338966698,2.606949900418628
930449,5.28393675974365,4.466730484161512,3.1665960682402954
932554,5.473171313700663,4.068552909714879,2.742178386583012
933253,5.530707121306289,4.219274330454208,2.908388709119636
937160,5.526398239133064,3.750870852140234,1.9389569156630684
942658,5.427599961191984,4.180449250858385,2.5965821465587027
943862,5.548028718855248,4.304389614492688,3.013470874515586
947668,5.499189902777499,4.182217862550679,2.4505000194813658
951457,5.421230213598077,3.8127891093859936,2.201089052283838
952863,5.533393511493398,4.47850059301127,2.9688110556425897
953764,5.5372097434526495,3.855584907015329,2.05641468970872
955465,5.5454274280725215,4.332420013021182,2.7000160425678947
957974,5.590908096056791,4.300047445314794,3.0819298366265886
958976,5.570853757633247,4.509270174190035,3.522428744753997
959574,5.591066897069518,4.310642100350677,2.4194528678833866
962058,5.446477202480252,4.251040674903959,2.308755097161918
965367,5.515826810447926,4.262507171344002,2.583375328448727
965771,5.47263554040493,4.235476133404227,2.556675335635567
966975,5.562426841937276,4.594967576740037,2.938515973647004
969476,5.477744141317024,3.515910312658772,1.9462007424696788
970764,5.627169341638854,4.572581734833833,3.131557759791982
971160,5.5533510512338085,4.201521406458978,2.9604865404098435
972566,5.571691130912993,4.133397694259173,2.896521337087285
973770,5.468956915972833,4.377292484354646,3.1022894634510765
978578,5.486567957213518,4.3811810240988995,2.8979435696176297
979984,5.479588182636021,3.8906549870803073,2.0009761055503383
983773,5.503726139504301,4.107655439674242,2.4877772848138062
984472,5.50222368298329,4.324260632758472,2.6766798512236667
987074,5.574907502503432,4.708764593135411,3.5945851481820457
987983,5.417445751369065,4.185349470044697,2.657518322269364
989987,5.611511165855397,4.198812820147085,2.2061750840934944
990366,5.477384566020819,3.930550567083798,2.125786475713665
991267,5.539057849892094,4.220232273919045,2.979436271113458
992673,5.36774952783962,3.836101966459611,2.4207261579968096
992774,5.411580592812175,3.906917823755302,1.9272511469455689
993675,5.5460426951662205,3.8823379620944074,2.5692495988519664
994273,5.478398892178521,4.364277291213603,2.8633725581562595
996782,5.577107118775687,4.206114276278383,2.953659459247776
